   1.0000000e+00   1.0000000e+00   9.4800000e+02   1.0020000e+03   1.0020000e+03   0.0000000e+00   9.4800000e+02   5.4000000e+01   4.2500710e-01   3.5530997e-01   4.6682295e-01   3.8467315e-01   4.3308030e-01
   2.0000000e+00   2.0000000e+00   4.2200000e+02   5.5200000e+02   5.5500000e+02   0.0000000e+00   4.2200000e+02   1.3000000e+02   5.0655966e-01   7.1509503e-01   4.7076604e-01   8.0636295e-01   4.8425759e-01
   2.0000000e+00   1.0000000e+00   1.4660000e+03   1.4700000e+03   1.4700000e+03   5.5500000e+02   9.1100000e+02   4.0000000e+00   1.3568473e-01   1.7886987e-01   1.5988696e-01   1.7252443e-01   1.3400015e-01
   3.0000000e+00   1.0000000e+00   1.2410000e+03   1.3350000e+03   1.3350000e+03   0.0000000e+00   1.2410000e+03   9.4000000e+01   2.7344016e-01   2.7508363e-01   2.2681100e-01   1.8939383e-01   2.3265614e-01
   4.0000000e+00   1.0000000e+00   1.0400000e+02   2.0700000e+02   2.0700000e+02   0.0000000e+00   1.0400000e+02   1.0300000e+02   5.4956290e-01   6.2615319e-01   5.1528283e-01   6.3690108e-01   4.6230152e-01
   5.0000000e+00   2.0000000e+00   1.2050000e+03   1.4010000e+03   1.4250000e+03   1.0060000e+03   1.9900000e+02   1.9600000e+02   4.1740744e-01   9.1581056e-01   4.7281879e-01   9.0863146e-01   5.7317229e-01
   6.0000000e+00   1.0000000e+00   1.2040000e+03   1.3080000e+03   1.3080000e+03   0.0000000e+00   1.2040000e+03   1.0400000e+02   4.2997901e-01   4.2985161e-01   4.2894079e-01   3.7922928e-01   4.3428597e-01
   7.0000000e+00   1.0000000e+00   7.6500000e+02   9.3100000e+02   9.3100000e+02   0.0000000e+00   7.6500000e+02   1.6600000e+02   2.4227693e-01   4.4212309e-01   3.6392327e-01   3.9420651e-01   4.4317083e-01
   8.0000000e+00   1.0000000e+00   5.9700000e+02   7.7300000e+02   7.7300000e+02   0.0000000e+00   5.9700000e+02   1.7600000e+02   5.2339895e-01   3.7079269e-01   3.4497946e-01   3.4256088e-01   4.1802074e-01
   9.0000000e+00   1.0000000e+00   5.3900000e+02   7.2900000e+02   7.2900000e+02   0.0000000e+00   5.3900000e+02   1.9000000e+02   5.2726759e-01   4.5445185e-01   4.9439967e-01   4.4242761e-01   4.8906893e-01
   1.0000000e+01   1.0000000e+00   1.3000000e+01   1.5600000e+02   1.5600000e+02   0.0000000e+00   1.3000000e+01   1.4300000e+02   4.0232274e-01   4.4068738e-01   4.5742409e-01   4.2642213e-01   4.6105685e-01
   1.1000000e+01   1.0000000e+00   6.5000000e+01   1.8000000e+02   1.8000000e+02   0.0000000e+00   6.5000000e+01   1.1500000e+02   4.5700445e-01   4.9151029e-01   4.3747309e-01   5.0309491e-01   4.9139960e-01
   1.2000000e+01   1.0000000e+00   4.3000000e+01   1.8200000e+02   1.8200000e+02   0.0000000e+00   4.3000000e+01   1.3900000e+02   3.4389445e-01   4.3865875e-01   3.3055449e-01   3.4730862e-01   3.8134272e-01
   1.3000000e+01   1.0000000e+00   7.2700000e+02   8.7900000e+02   8.7900000e+02   0.0000000e+00   7.2700000e+02   1.5200000e+02   5.5819973e-01   5.6999593e-01   4.7963469e-01   5.0234889e-01   4.3029982e-01
   1.5000000e+01   1.0000000e+00   2.0300000e+02   2.8500000e+02   2.8500000e+02   0.0000000e+00   2.0300000e+02   8.2000000e+01   4.4955221e-01   5.3674569e-01   4.5044687e-01   4.6935270e-01   4.8668148e-01
   1.6000000e+01   1.0000000e+00   7.2600000e+02   8.2600000e+02   8.2600000e+02   0.0000000e+00   7.2600000e+02   1.0000000e+02   4.7270760e-01   4.1737813e-01   3.7438478e-01   3.3546605e-01   3.9605932e-01
   1.6000000e+01   2.0000000e+00   9.3300000e+02   1.0860000e+03   1.2570000e+03   8.2600000e+02   1.0700000e+02   1.5300000e+02   5.6580658e-01   9.6877464e-01   5.3831197e-01   9.8926264e-01   7.9043102e-01
   1.7000000e+01   1.0000000e+00   8.0000000e+01   9.1100000e+02   9.1100000e+02   0.0000000e+00   8.0000000e+01   8.3100000e+02   8.9221198e-01   6.7971360e-01   9.7876285e-01   6.6918797e-01   6.8048657e-01
   1.8000000e+01   1.0000000e+00   7.2000000e+01   7.7000000e+01   7.7000000e+01   0.0000000e+00   7.2000000e+01   5.0000000e+00   2.4624024e-01   2.2337991e-01   1.9015682e-01   1.5472918e-01   1.7795682e-01
   1.8000000e+01   1.0000000e+00   1.9000000e+02   2.1200000e+02   2.1200000e+02   7.7000000e+01   1.1300000e+02   2.2000000e+01   4.0692545e-01   3.8325848e-01   2.4863681e-01   2.5608048e-01   2.4417288e-01
   1.8000000e+01   1.0000000e+00   2.3000000e+02   2.3700000e+02   2.3700000e+02   2.1200000e+02   1.8000000e+01   7.0000000e+00   3.7282910e-01   2.6887928e-01   2.2757061e-01   2.1610297e-01   2.1462958e-01
   1.8000000e+01   1.0000000e+00   3.0500000e+02   3.1300000e+02   3.1300000e+02   2.3700000e+02   6.8000000e+01   8.0000000e+00   2.8503451e-01   3.4599801e-01   2.6392523e-01   3.3524798e-01   2.6351820e-01
   1.8000000e+01   1.0000000e+00   3.6900000e+02   3.8000000e+02   3.8000000e+02   3.1300000e+02   5.6000000e+01   1.1000000e+01   2.4093962e-01   2.8278881e-01   2.1948959e-01   2.3740965e-01   2.3026753e-01
   1.8000000e+01   1.0000000e+00   4.2700000e+02   4.4600000e+02   4.4600000e+02   3.8000000e+02   4.7000000e+01   1.9000000e+01   2.6776261e-01   2.7596211e-01   2.1790946e-01   2.1700650e-01   2.3247379e-01
   1.8000000e+01   1.0000000e+00   4.7100000e+02   4.8000000e+02   4.8000000e+02   4.4600000e+02   2.5000000e+01   9.0000000e+00   2.4451882e-01   2.2463886e-01   2.2872831e-01   2.1101607e-01   2.2994897e-01
   1.8000000e+01   1.0000000e+00   5.4200000e+02   5.5000000e+02   5.5000000e+02   4.8000000e+02   6.2000000e+01   8.0000000e+00   2.3686943e-01   2.4349734e-01   2.1358341e-01   1.9734531e-01   2.1594500e-01
   1.8000000e+01   1.0000000e+00   5.8400000e+02   6.0100000e+02   6.0100000e+02   5.5000000e+02   3.4000000e+01   1.7000000e+01   2.5781314e-01   3.0758264e-01   1.5835818e-01   2.2777875e-01   2.1585606e-01
   1.8000000e+01   1.0000000e+00   6.6900000e+02   6.7400000e+02   6.7400000e+02   6.0100000e+02   6.8000000e+01   5.0000000e+00   3.3924503e-01   2.6436110e-01   2.5884641e-01   2.1722902e-01   2.4821408e-01
   1.8000000e+01   1.0000000e+00   7.1000000e+02   7.1900000e+02   7.1900000e+02   6.7400000e+02   3.6000000e+01   9.0000000e+00   1.8935013e-01   2.4340711e-01   2.4387566e-01   2.2352807e-01   2.2865623e-01
   1.8000000e+01   1.0000000e+00   7.3500000e+02   7.4200000e+02   7.4200000e+02   7.1900000e+02   1.6000000e+01   7.0000000e+00   3.4589599e-02   2.6967294e-01   9.2728446e-02   2.7833092e-01   1.4352382e-01
   1.8000000e+01   1.0000000e+00   8.5700000e+02   8.7500000e+02   8.7500000e+02   7.4200000e+02   1.1500000e+02   1.8000000e+01   2.3351127e-01   2.2614240e-01   2.2240135e-01   1.7678928e-01   2.0335788e-01
   1.8000000e+01   1.0000000e+00   9.3400000e+02   9.3900000e+02   9.3900000e+02   8.7500000e+02   5.9000000e+01   5.0000000e+00   1.8398911e-01   2.5867244e-01   1.8884139e-01   1.8523162e-01   1.8780450e-01
   1.8000000e+01   1.0000000e+00   9.5500000e+02   9.6500000e+02   9.6500000e+02   9.3900000e+02   1.6000000e+01   1.0000000e+01   2.5249161e-01   2.8645682e-01   2.4568821e-01   2.8175275e-01   2.4174458e-01
   1.8000000e+01   1.0000000e+00   1.1900000e+03   1.1930000e+03   1.1930000e+03   9.6500000e+02   2.2500000e+02   3.0000000e+00   3.2819545e-01   2.2241699e-01   2.2667210e-01   2.2174929e-01   2.2667210e-01
   1.8000000e+01   1.0000000e+00   1.4040000e+03   1.4190000e+03   1.4190000e+03   1.1930000e+03   2.1100000e+02   1.5000000e+01   3.5434225e-01   3.6663449e-01   2.8370137e-01   3.0742198e-01   2.8957731e-01
   1.8000000e+01   1.0000000e+00   1.4510000e+03   1.4540000e+03   1.4540000e+03   1.4190000e+03   3.2000000e+01   3.0000000e+00   2.5479093e-01   2.8791576e-01   2.1851826e-01   2.4574900e-01   2.1851826e-01
   1.9000000e+01   1.0000000e+00   4.9000000e+01   1.6400000e+02   1.6400000e+02   0.0000000e+00   4.9000000e+01   1.1500000e+02   2.5688540e-01   2.6566661e-01   2.5773914e-01   2.5878356e-01   2.3982771e-01
   1.9000000e+01   1.0000000e+00   1.6900000e+02   2.5800000e+02   2.5800000e+02   1.6400000e+02   5.0000000e+00   8.9000000e+01   2.7090160e-01   2.3422689e-01   2.1112464e-01   2.3723162e-01   2.2556910e-01
   1.9000000e+01   1.0000000e+00   3.7500000e+02   4.9800000e+02   4.9800000e+02   2.5800000e+02   1.1700000e+02   1.2300000e+02   2.3222063e-01   2.2845098e-01   2.1831000e-01   2.0090786e-01   2.1925191e-01
   1.9000000e+01   2.0000000e+00   6.2700000e+02   7.8200000e+02   8.2800000e+02   4.9800000e+02   1.2900000e+02   1.5500000e+02   2.3202260e-01   8.4168601e-01   2.5795388e-01   8.6950085e-01   5.5028512e-01
   2.0000000e+01   1.0000000e+00   3.4400000e+02   3.7400000e+02   3.7400000e+02   0.0000000e+00   3.4400000e+02   3.0000000e+01   5.1800579e-01   5.3309854e-01   3.0576510e-01   3.3483610e-01   2.8960346e-01
   2.0000000e+01   1.0000000e+00   3.8700000e+02   3.9300000e+02   3.9300000e+02   3.7400000e+02   1.3000000e+01   6.0000000e+00   1.5462119e-01   3.1494716e-01   1.3255486e-01   1.6658429e-01   1.4007277e-01
   2.0000000e+01   1.0000000e+00   6.4100000e+02   6.5200000e+02   6.5200000e+02   3.9300000e+02   2.4800000e+02   1.1000000e+01   2.5936472e-01   2.4566843e-01   1.9374295e-01   1.6978435e-01   1.8833457e-01
   2.0000000e+01   1.0000000e+00   7.1100000e+02   7.5200000e+02   7.5200000e+02   6.5200000e+02   5.9000000e+01   4.1000000e+01   3.4848051e-01   2.3016991e-01   1.9406002e-01   9.6641351e-02   2.0025788e-01
   2.0000000e+01   1.0000000e+00   8.4600000e+02   8.6400000e+02   8.6400000e+02   7.5200000e+02   9.4000000e+01   1.8000000e+01   2.4447633e-01   1.9839103e-01   1.5822499e-01   1.6768455e-01   2.0034955e-01
   2.0000000e+01   1.0000000e+00   9.1800000e+02   9.3100000e+02   9.3100000e+02   8.6400000e+02   5.4000000e+01   1.3000000e+01   2.6269456e-01   3.1397516e-01   1.4587469e-01   1.3197840e-01   1.6918671e-01
   2.0000000e+01   1.0000000e+00   1.0000000e+03   1.0180000e+03   1.0180000e+03   9.3100000e+02   6.9000000e+01   1.8000000e+01   3.4096634e-01   2.6928023e-01   1.8453775e-01   1.8750596e-01   1.9334155e-01
   2.0000000e+01   1.0000000e+00   1.0670000e+03   1.0720000e+03   1.0720000e+03   1.0180000e+03   4.9000000e+01   5.0000000e+00   2.6355659e-01   4.1769698e-01   2.0057241e-01   2.7161275e-01   2.1656051e-01
   2.0000000e+01   1.0000000e+00   1.1250000e+03   1.1350000e+03   1.1350000e+03   1.0720000e+03   5.3000000e+01   1.0000000e+01   2.6664318e-01   2.6621820e-01   2.0443198e-01   1.8064972e-01   1.9633742e-01
   2.0000000e+01   1.0000000e+00   1.1570000e+03   1.1640000e+03   1.1640000e+03   1.1350000e+03   2.2000000e+01   7.0000000e+00   2.7959138e-01   2.6992949e-01   2.0109754e-01   1.6799318e-01   1.9576812e-01
   2.1000000e+01   1.0000000e+00   5.0000000e+01   6.5000000e+01   6.5000000e+01   0.0000000e+00   5.0000000e+01   1.5000000e+01   2.4901018e-01   3.0089429e-01   2.0187996e-01   2.4095477e-01   2.2359889e-01
   2.1000000e+01   1.0000000e+00   4.5500000e+02   4.5800000e+02   4.5800000e+02   6.5000000e+01   3.9000000e+02   3.0000000e+00   2.3657617e-01   2.2080713e-01   1.8345854e-01   1.7717619e-01   1.8345854e-01
   2.1000000e+01   1.0000000e+00   5.4400000e+02   5.4800000e+02   5.4800000e+02   4.5800000e+02   8.6000000e+01   4.0000000e+00   2.1177013e-01   2.3122838e-01   2.1855127e-01   2.2068885e-01   2.1563258e-01
   2.1000000e+01   1.0000000e+00   6.1000000e+02   6.2300000e+02   6.2300000e+02   5.4800000e+02   6.2000000e+01   1.3000000e+01   9.1746090e-02   2.3426713e-01   1.7708598e-01   2.2504853e-01   2.1136241e-01
   2.1000000e+01   1.0000000e+00   6.7800000e+02   6.9400000e+02   6.9400000e+02   6.2300000e+02   5.5000000e+01   1.6000000e+01   2.4548593e-01   2.0810104e-01   2.0318325e-01   1.8201683e-01   1.9752776e-01
   2.1000000e+01   1.0000000e+00   7.1400000e+02   7.1800000e+02   7.1800000e+02   6.9400000e+02   2.0000000e+01   4.0000000e+00   2.9267813e-01   2.5321243e-01   2.1727388e-01   2.4268236e-01   2.1598735e-01
   2.1000000e+01   1.0000000e+00   8.7500000e+02   8.7900000e+02   8.7900000e+02   7.1800000e+02   1.5700000e+02   4.0000000e+00   2.6731043e-01   2.3684221e-01   1.9493997e-01   1.9718306e-01   1.9855933e-01
   2.1000000e+01   1.0000000e+00   9.1700000e+02   9.3700000e+02   9.3700000e+02   8.7900000e+02   3.8000000e+01   2.0000000e+01   2.9675411e-01   2.8874736e-01   2.2731284e-01   2.3733412e-01   2.1642937e-01
   2.1000000e+01   1.0000000e+00   9.6600000e+02   9.8400000e+02   9.8400000e+02   9.3700000e+02   2.9000000e+01   1.8000000e+01   2.5564616e-01   2.5235996e-01   2.0508619e-01   2.1149351e-01   2.0591923e-01
   2.1000000e+01   1.0000000e+00   9.9500000e+02   1.0150000e+03   1.0150000e+03   9.8400000e+02   1.1000000e+01   2.0000000e+01   2.7323844e-01   2.3693165e-01   2.1141305e-01   1.9113089e-01   2.0188095e-01
   2.1000000e+01   1.0000000e+00   1.0210000e+03   1.0300000e+03   1.0300000e+03   1.0150000e+03   6.0000000e+00   9.0000000e+00   2.5937718e-01   2.4974939e-01   2.1686381e-01   2.1690366e-01   2.1878862e-01
   2.1000000e+01   1.0000000e+00   1.0640000e+03   1.0760000e+03   1.0760000e+03   1.0300000e+03   3.4000000e+01   1.2000000e+01   2.9633086e-01   2.3210047e-01   2.2930944e-01   1.8080437e-01   2.1398555e-01
   2.1000000e+01   1.0000000e+00   1.0840000e+03   1.0960000e+03   1.0960000e+03   1.0760000e+03   8.0000000e+00   1.2000000e+01   2.7535456e-01   2.6375486e-01   2.3205336e-01   2.2466353e-01   2.0077338e-01
   2.1000000e+01   1.0000000e+00   1.1110000e+03   1.1220000e+03   1.1220000e+03   1.0960000e+03   1.5000000e+01   1.1000000e+01   2.3842477e-01   2.9189196e-01   2.1305159e-01   2.1522503e-01   2.1067739e-01
   2.1000000e+01   1.0000000e+00   1.1510000e+03   1.1640000e+03   1.1640000e+03   1.1220000e+03   2.9000000e+01   1.3000000e+01   2.6324322e-01   2.3947342e-01   2.3705009e-01   2.1987368e-01   2.2975074e-01
   2.1000000e+01   1.0000000e+00   1.1760000e+03   1.1840000e+03   1.1840000e+03   1.1640000e+03   1.2000000e+01   8.0000000e+00   2.5944612e-01   2.5556339e-01   2.3280067e-01   2.3020223e-01   2.2472183e-01
   2.1000000e+01   1.0000000e+00   1.2110000e+03   1.2170000e+03   1.2170000e+03   1.1840000e+03   2.7000000e+01   6.0000000e+00   2.2951223e-01   2.7505609e-01   1.3566003e-01   1.7543246e-01   1.4889927e-01
   2.1000000e+01   1.0000000e+00   1.4460000e+03   1.4540000e+03   1.4540000e+03   1.3750000e+03   7.1000000e+01   8.0000000e+00   2.8731958e-01   2.8695084e-01   2.4902721e-01   2.4048688e-01   2.3802575e-01
   2.1000000e+01   1.0000000e+00   1.4670000e+03   1.4800000e+03   1.4800000e+03   1.4540000e+03   1.3000000e+01   1.3000000e+01   2.2107744e-01   2.6458050e-01   2.2030592e-01   2.2954912e-01   2.2258950e-01
   2.2000000e+01   2.0000000e+00   5.7900000e+02   7.4400000e+02   7.6600000e+02   3.7200000e+02   2.0700000e+02   1.6500000e+02   4.4909735e-01   6.8122705e-01   4.3304393e-01   8.0422082e-01   5.7856181e-01
   2.3000000e+01   2.0000000e+00   3.9500000e+02   4.8100000e+02   5.0200000e+02   0.0000000e+00   3.9500000e+02   8.6000000e+01   4.4321371e-01   9.1117243e-01   4.0979328e-01   9.3799995e-01   5.4031819e-01
   2.4000000e+01   1.0000000e+00   1.4300000e+02   1.4800000e+02   1.4800000e+02   0.0000000e+00   1.4300000e+02   5.0000000e+00   2.5534782e-01   2.5254051e-01   2.4809926e-01   2.4056099e-01   2.4574696e-01
   2.4000000e+01   1.0000000e+00   3.5600000e+02   3.6100000e+02   3.6100000e+02   1.4800000e+02   2.0800000e+02   5.0000000e+00   3.2939422e-01   2.9469305e-01   2.3499654e-01   2.1877719e-01   2.2999568e-01
   2.4000000e+01   1.0000000e+00   3.9400000e+02   4.0100000e+02   4.0100000e+02   3.6100000e+02   3.3000000e+01   7.0000000e+00   2.9626485e-01   2.9111944e-01   2.0874947e-01   2.5084710e-01   2.2663669e-01
   2.4000000e+01   1.0000000e+00   4.1400000e+02   4.2700000e+02   4.2700000e+02   4.0100000e+02   1.3000000e+01   1.3000000e+01   2.6669315e-01   2.0562081e-01   2.1154690e-01   1.7284311e-01   2.0846415e-01
   2.4000000e+01   1.0000000e+00   5.4200000e+02   5.5100000e+02   5.5100000e+02   4.2700000e+02   1.1500000e+02   9.0000000e+00   3.4196636e-01   2.9099940e-01   2.4153977e-01   2.5443924e-01   2.3716887e-01
   2.4000000e+01   1.0000000e+00   5.9800000e+02   6.0600000e+02   6.0600000e+02   5.5100000e+02   4.7000000e+01   8.0000000e+00   3.0536659e-01   2.5871987e-01   2.3053923e-01   1.9319961e-01   2.1363835e-01
   2.4000000e+01   1.0000000e+00   8.5600000e+02   8.6200000e+02   8.6200000e+02   6.0600000e+02   2.5000000e+02   6.0000000e+00   2.2502196e-01   2.4107620e-01   1.8150383e-01   1.7293002e-01   1.7993702e-01
   2.4000000e+01   1.0000000e+00   9.3700000e+02   9.4000000e+02   9.4000000e+02   8.6200000e+02   7.5000000e+01   3.0000000e+00   2.6542981e-01   3.1042001e-01   2.4059913e-01   2.5893328e-01   2.4059913e-01
   2.4000000e+01   1.0000000e+00   9.5100000e+02   9.6300000e+02   9.6300000e+02   9.4000000e+02   1.1000000e+01   1.2000000e+01   3.1064672e-01   2.7200763e-01   2.4637541e-01   2.3574782e-01   2.3809386e-01
   2.4000000e+01   1.0000000e+00   9.9600000e+02   1.0090000e+03   1.0090000e+03   9.6300000e+02   3.3000000e+01   1.3000000e+01   1.5875158e-01   2.4359229e-01   1.7078487e-01   2.3439245e-01   1.8720979e-01
   2.4000000e+01   1.0000000e+00   1.0900000e+03   1.1000000e+03   1.1000000e+03   1.0090000e+03   8.1000000e+01   1.0000000e+01   2.4291639e-01   2.4220900e-01   2.3636910e-01   1.9921606e-01   2.2677218e-01
   2.4000000e+01   1.0000000e+00   1.1470000e+03   1.1550000e+03   1.1550000e+03   1.1000000e+03   4.7000000e+01   8.0000000e+00   2.9531526e-01   2.5916175e-01   2.5808059e-01   2.2818770e-01   2.4497851e-01
   2.4000000e+01   1.0000000e+00   1.2760000e+03   1.2840000e+03   1.2840000e+03   1.1550000e+03   1.2100000e+02   8.0000000e+00   2.8385467e-01   3.2033060e-01   2.4635189e-01   2.7851046e-01   2.3668295e-01
   2.4000000e+01   1.0000000e+00   1.3100000e+03   1.3190000e+03   1.3190000e+03   1.2840000e+03   2.6000000e+01   9.0000000e+00   2.8617753e-01   3.1216907e-01   2.7701392e-01   2.5233072e-01   2.7708753e-01
   2.4000000e+01   1.0000000e+00   1.4050000e+03   1.4140000e+03   1.4140000e+03   1.3190000e+03   8.6000000e+01   9.0000000e+00   2.9537060e-01   3.1976289e-01   2.6954229e-01   2.5520722e-01   2.5982374e-01
   2.4000000e+01   1.0000000e+00   1.4560000e+03   1.4610000e+03   1.4610000e+03   1.4140000e+03   4.2000000e+01   5.0000000e+00   3.0196171e-01   2.7072005e-01   2.7074545e-01   2.4841829e-01   2.6399318e-01
   2.5000000e+01   1.0000000e+00   7.5300000e+02   9.2300000e+02   9.2300000e+02   0.0000000e+00   7.5300000e+02   1.7000000e+02   3.0583524e-01   8.2398597e-01   3.5485074e-01   8.1960880e-01   7.6258143e-01
   2.6000000e+01   2.0000000e+00   2.2000000e+01   2.1800000e+02   2.2500000e+02   0.0000000e+00   2.2000000e+01   1.9600000e+02   4.3504307e-01   6.9924754e-01   4.4972389e-01   8.5266460e-01   6.6546874e-01
   2.6000000e+01   1.0000000e+00   3.5400000e+02   3.6000000e+02   3.6000000e+02   2.2500000e+02   1.2900000e+02   6.0000000e+00   2.8765754e-01   1.9240952e-02   2.1223458e-01   1.5693372e-01   2.0281200e-01
   2.7000000e+01   2.0000000e+00   1.3700000e+02   2.4900000e+02   3.7300000e+02   0.0000000e+00   1.3700000e+02   1.1200000e+02   6.2634185e-01   7.4664420e-01   6.1016895e-01   7.7582909e-01   7.8391512e-01
   2.7000000e+01   1.0000000e+00   6.8300000e+02   6.9200000e+02   6.9200000e+02   3.7300000e+02   3.1000000e+02   9.0000000e+00   6.7708831e-02   8.2319182e-02   1.6079636e-01   1.0899283e-01   1.2840428e-01
   2.8000000e+01   1.0000000e+00   2.9200000e+02   2.9700000e+02   2.9700000e+02   0.0000000e+00   2.9200000e+02   5.0000000e+00   2.0863064e-01   3.3007506e-01   1.6898040e-01   3.0851587e-01   2.0818924e-01
   2.8000000e+01   1.0000000e+00   3.1700000e+02   3.2500000e+02   3.2500000e+02   2.9700000e+02   2.0000000e+01   8.0000000e+00   2.9739951e-01   3.2347346e-01   2.7149977e-01   2.9261236e-01   2.6596983e-01
   2.8000000e+01   1.0000000e+00   5.5700000e+02   5.6400000e+02   5.6400000e+02   3.2500000e+02   2.3200000e+02   7.0000000e+00   3.2934756e-01   3.1998840e-01   2.7889089e-01   2.6990551e-01   2.7588209e-01
   2.8000000e+01   1.0000000e+00   6.7600000e+02   6.8200000e+02   6.8200000e+02   5.6400000e+02   1.1200000e+02   6.0000000e+00   3.0412167e-01   3.1340652e-01   2.8069676e-01   2.9028587e-01   2.8572584e-01
   2.8000000e+01   1.0000000e+00   7.6900000e+02   7.8200000e+02   7.8200000e+02   6.8200000e+02   8.7000000e+01   1.3000000e+01   2.9638571e-01   3.1835234e-01   2.7322898e-01   2.7025715e-01   2.7794251e-01
   2.8000000e+01   1.0000000e+00   9.1900000e+02   9.2500000e+02   9.2500000e+02   7.8200000e+02   1.3700000e+02   6.0000000e+00   4.6005462e-01   2.9485867e-01   3.2499017e-01   2.6528898e-01   2.9901356e-01
   2.8000000e+01   1.0000000e+00   9.3800000e+02   9.4300000e+02   9.4300000e+02   9.2500000e+02   1.3000000e+01   5.0000000e+00   3.4080326e-01   3.3779974e-01   2.8127417e-01   2.8067882e-01   2.8106966e-01
   2.8000000e+01   1.0000000e+00   1.0200000e+03   1.0320000e+03   1.0320000e+03   9.4300000e+02   7.7000000e+01   1.2000000e+01   3.6714312e-01   3.7966049e-01   3.1488528e-01   3.0560180e-01   2.9749529e-01
   2.8000000e+01   1.0000000e+00   1.0640000e+03   1.0860000e+03   1.0860000e+03   1.0320000e+03   3.2000000e+01   2.2000000e+01   3.2640877e-01   3.1025514e-01   2.8278359e-01   2.4884598e-01   2.8126382e-01
   2.8000000e+01   1.0000000e+00   1.2180000e+03   1.2250000e+03   1.2250000e+03   1.0860000e+03   1.3200000e+02   7.0000000e+00   3.3689237e-01   3.1435776e-01   2.9311357e-01   2.7461546e-01   2.7506247e-01
   2.8000000e+01   1.0000000e+00   1.2690000e+03   1.2780000e+03   1.2780000e+03   1.2250000e+03   4.4000000e+01   9.0000000e+00   3.6049101e-01   3.3917390e-01   2.7141090e-01   2.7542686e-01   2.7094378e-01
   2.8000000e+01   1.0000000e+00   1.4610000e+03   1.4680000e+03   1.4680000e+03   1.2780000e+03   1.8300000e+02   7.0000000e+00   3.2815634e-01   4.4747531e-01   3.4158920e-01   3.7099669e-01   3.5706747e-01
   2.9000000e+01   2.0000000e+00   2.5700000e+02   3.1800000e+02   3.7700000e+02   0.0000000e+00   2.5700000e+02   6.1000000e+01   6.4393837e-01   9.6038990e-01   5.1970808e-01   9.2794460e-01   5.2178504e-01
   3.0000000e+01   1.0000000e+00   4.0100000e+02   4.1500000e+02   4.1500000e+02   0.0000000e+00   4.0100000e+02   1.4000000e+01   2.4675099e-01   1.8663244e-01   2.3201041e-01   1.5499071e-01   2.0949489e-01
   3.0000000e+01   1.0000000e+00   4.6600000e+02   4.7200000e+02   4.7200000e+02   4.1500000e+02   5.1000000e+01   6.0000000e+00   2.5362188e-01   2.2370128e-01   2.2215338e-01   1.8709675e-01   2.2057210e-01
   3.0000000e+01   1.0000000e+00   7.7000000e+02   7.9200000e+02   7.9200000e+02   4.7200000e+02   2.9800000e+02   2.2000000e+01   2.8271192e-01   2.7386930e-01   2.0464678e-01   2.3959394e-01   2.1956618e-01
   3.0000000e+01   1.0000000e+00   8.6000000e+02   8.7200000e+02   8.7200000e+02   7.9200000e+02   6.8000000e+01   1.2000000e+01   3.0168068e-01   2.7880331e-01   2.5852791e-01   2.6443136e-01   2.6000028e-01
   3.0000000e+01   1.0000000e+00   1.2970000e+03   1.3350000e+03   1.3350000e+03   8.7200000e+02   4.2500000e+02   3.8000000e+01   1.9206514e-01   2.6558650e-01   2.3182269e-01   2.1986340e-01   2.0945476e-01
   3.1000000e+01   1.0000000e+00   4.1000000e+01   9.4000000e+01   9.4000000e+01   0.0000000e+00   4.1000000e+01   5.3000000e+01   3.0748517e-01   2.9566781e-01   2.5261180e-01   2.5558448e-01   2.3510339e-01
   3.1000000e+01   1.0000000e+00   1.0800000e+02   1.1100000e+02   1.1100000e+02   9.4000000e+01   1.4000000e+01   3.0000000e+00   2.1917486e-01   2.4044854e-01   1.7837508e-01   1.7591947e-01   1.7837508e-01
   3.1000000e+01   1.0000000e+00   3.2100000e+02   3.3200000e+02   3.3200000e+02   1.1100000e+02   2.1000000e+02   1.1000000e+01   1.8376219e-01   2.4084455e-01   2.0102197e-01   1.9501873e-01   2.1215432e-01
   3.1000000e+01   1.0000000e+00   4.2000000e+02   5.2400000e+02   5.2400000e+02   3.3200000e+02   8.8000000e+01   1.0400000e+02   3.9832964e-01   2.0786514e-01   2.2925444e-01   1.6897583e-01   2.0743893e-01
   3.1000000e+01   1.0000000e+00   5.4100000e+02   5.7000000e+02   5.7000000e+02   5.2400000e+02   1.7000000e+01   2.9000000e+01   2.7249041e-01   2.1970684e-01   2.0359314e-01   2.2154427e-01   2.1206700e-01
   3.1000000e+01   1.0000000e+00   7.1000000e+02   8.7400000e+02   8.7400000e+02   5.7000000e+02   1.4000000e+02   1.6400000e+02   1.7572361e-01   2.1881900e-01   2.1099632e-01   2.1603517e-01   2.6287798e-01
   3.1000000e+01   1.0000000e+00   9.2300000e+02   1.0590000e+03   1.0590000e+03   8.7400000e+02   4.9000000e+01   1.3600000e+02   2.2043327e-01   2.6983952e-01   1.9284152e-01   2.3854714e-01   1.9839942e-01
   3.2000000e+01   2.0000000e+00   2.4400000e+02   3.6900000e+02   4.6800000e+02   0.0000000e+00   2.4400000e+02   1.2500000e+02   3.1992149e-01   7.6015368e-01   3.4339703e-01   8.2811573e-01   5.3515094e-01
   3.3000000e+01   1.0000000e+00   8.9700000e+02   1.0670000e+03   1.0670000e+03   0.0000000e+00   8.9700000e+02   1.7000000e+02   3.4225899e-01   8.4106556e-01   3.8782706e-01   8.3632373e-01   6.3133101e-01
   3.4000000e+01   2.0000000e+00   8.0900000e+02   1.0230000e+03   1.0460000e+03   0.0000000e+00   8.0900000e+02   2.1400000e+02   3.9306745e-01   8.9316405e-01   4.0011663e-01   9.3413278e-01   5.2469038e-01
   3.5000000e+01   2.0000000e+00   5.8500000e+02   7.4700000e+02   8.8400000e+02   0.0000000e+00   5.8500000e+02   1.6200000e+02   2.8388590e-01   7.9168714e-01   3.4460746e-01   8.4631769e-01   5.6608363e-01
   3.6000000e+01   2.0000000e+00   5.8600000e+02   7.3200000e+02   9.4600000e+02   0.0000000e+00   5.8600000e+02   1.4600000e+02   3.9135209e-01   9.0314042e-01   3.9187319e-01   8.8705820e-01   6.7022207e-01
   3.7000000e+01   2.0000000e+00   4.4000000e+01   1.4000000e+02   1.8400000e+02   0.0000000e+00   4.4000000e+01   9.6000000e+01   4.1463344e-01   7.1596769e-01   4.1515098e-01   8.0469843e-01   6.0502993e-01
   3.8000000e+01   1.0000000e+00   1.8800000e+02   1.9200000e+02   1.9200000e+02   0.0000000e+00   1.8800000e+02   4.0000000e+00   2.1461562e-01   2.4280078e-01   1.7978533e-01   1.9648860e-01   1.7726128e-01
   3.8000000e+01   2.0000000e+00   2.9600000e+02   4.6700000e+02   7.7500000e+02   1.9200000e+02   1.0400000e+02   1.7100000e+02   4.7381525e-01   9.5340354e-01   4.5953708e-01   9.6661145e-01   5.6959129e-01
   3.9000000e+01   2.0000000e+00   1.0720000e+03   1.2400000e+03   1.2780000e+03   0.0000000e+00   1.0720000e+03   1.6800000e+02   3.8604991e-01   8.5402194e-01   3.7084591e-01   8.5357785e-01   5.6135384e-01
   4.0000000e+01   2.0000000e+00   7.9700000e+02   9.8400000e+02   1.1230000e+03   0.0000000e+00   7.9700000e+02   1.8700000e+02   3.3722744e-01   4.2044091e-01   3.7420205e-01   5.5344267e-01   4.2441611e-01
   4.1000000e+01   2.0000000e+00   7.7500000e+02   8.4400000e+02   8.5900000e+02   0.0000000e+00   7.7500000e+02   6.9000000e+01   4.4283093e-01   9.5774106e-01   4.4568718e-01   9.5271959e-01   6.6023063e-01
   4.2000000e+01   1.0000000e+00   6.6000000e+01   7.0000000e+01   7.0000000e+01   0.0000000e+00   6.6000000e+01   4.0000000e+00   2.9594948e-01   3.9688747e-01   2.6112554e-01   2.6087807e-01   2.5735249e-01
   4.2000000e+01   2.0000000e+00   9.7700000e+02   1.2210000e+03   1.2390000e+03   7.0000000e+01   9.0700000e+02   2.4400000e+02   3.0434183e-01   9.1569874e-01   4.1858053e-01   8.6098078e-01   5.5089363e-01
   4.3000000e+01   2.0000000e+00   1.7500000e+02   2.5300000e+02   2.7800000e+02   0.0000000e+00   1.7500000e+02   7.8000000e+01   3.4834940e-01   8.8111710e-01   3.6747123e-01   9.2975663e-01   4.4691079e-01
   4.3000000e+01   1.0000000e+00   1.3570000e+03   1.3830000e+03   1.3830000e+03   2.7800000e+02   1.0790000e+03   2.6000000e+01   3.2973663e-01   4.6569747e-01   4.1973513e-01   4.3225069e-01   4.5346018e-01
   4.4000000e+01   2.0000000e+00   1.7500000e+02   2.5300000e+02   2.7800000e+02   0.0000000e+00   1.7500000e+02   7.8000000e+01   3.4741798e-01   9.4047373e-01   3.3025535e-01   9.4482725e-01   4.3313446e-01
   4.5000000e+01   2.0000000e+00   8.1400000e+02   1.0590000e+03   1.3570000e+03   0.0000000e+00   8.1400000e+02   2.4500000e+02   4.4458405e-01   7.0090979e-01   4.8381809e-01   8.4991669e-01   6.1045998e-01
   4.6000000e+01   2.0000000e+00   5.1000000e+02   6.2100000e+02   6.3000000e+02   0.0000000e+00   5.1000000e+02   1.1100000e+02   3.9782468e-01   9.6292674e-01   4.4949728e-01   9.7978328e-01   5.0443581e-01
   4.7000000e+01   2.0000000e+00   4.0000000e+02   4.7200000e+02   6.2300000e+02   0.0000000e+00   4.0000000e+02   7.2000000e+01   4.8780723e-01   5.7632869e-01   4.3554452e-01   5.4683362e-01   5.2128066e-01
   4.8000000e+01   2.0000000e+00   2.1700000e+02   6.5400000e+02   6.9000000e+02   0.0000000e+00   2.1700000e+02   4.3700000e+02   4.5093049e-01   7.3159266e-01   4.6261766e-01   6.7160270e-01   4.5097205e-01
   4.9000000e+01   2.0000000e+00   1.9000000e+01   1.7400000e+02   2.4800000e+02   0.0000000e+00   1.9000000e+01   1.5500000e+02   3.2683551e-01   4.4859094e-01   4.1150635e-01   4.4941749e-01   4.6930126e-01
   5.0000000e+01   2.0000000e+00   1.5900000e+02   1.9200000e+02   2.1900000e+02   0.0000000e+00   1.5900000e+02   3.3000000e+01   4.6179309e-01   9.5766832e-01   4.5614976e-01   9.5106881e-01   5.7779524e-01
   5.1000000e+01   1.0000000e+00   2.9000000e+01   4.9000000e+01   4.9000000e+01   0.0000000e+00   2.9000000e+01   2.0000000e+01   2.1351375e-01   2.3102926e-01   2.2140404e-01   2.3723989e-01   2.1932887e-01
   5.1000000e+01   1.0000000e+00   6.2000000e+01   8.3000000e+01   8.3000000e+01   4.9000000e+01   1.3000000e+01   2.1000000e+01   2.2662598e-01   2.0674699e-01   2.2156490e-01   1.6551939e-01   2.0697612e-01
   5.1000000e+01   1.0000000e+00   1.2500000e+02   1.7000000e+02   1.7000000e+02   8.3000000e+01   4.2000000e+01   4.5000000e+01   2.3250685e-01   2.2555185e-01   2.0902935e-01   1.7243365e-01   2.0443317e-01
   5.1000000e+01   1.0000000e+00   2.5800000e+02   2.8600000e+02   2.8600000e+02   1.7000000e+02   8.8000000e+01   2.8000000e+01   2.8644470e-01   2.8865457e-01   2.3641556e-01   2.5445891e-01   2.2830095e-01
   5.1000000e+01   2.0000000e+00   2.9600000e+02   3.0800000e+02   3.1600000e+02   2.8600000e+02   1.0000000e+01   1.2000000e+01   2.4904742e-01   1.9257811e-01   2.0898144e-01   1.9553813e-01   2.3935166e-01
   5.1000000e+01   1.0000000e+00   3.3200000e+02   3.4200000e+02   3.4200000e+02   3.1600000e+02   1.6000000e+01   1.0000000e+01   8.8108461e-01   2.1562806e-01   6.2133238e-01   2.1630223e-01   2.2746639e-01
   5.1000000e+01   1.0000000e+00   3.5100000e+02   3.8800000e+02   3.8800000e+02   3.4200000e+02   9.0000000e+00   3.7000000e+01   1.8780527e-01   1.8909773e-01   1.9808604e-01   1.9545185e-01   2.0660307e-01
   5.1000000e+01   1.0000000e+00   4.1700000e+02   4.5400000e+02   4.5400000e+02   3.8800000e+02   2.9000000e+01   3.7000000e+01   2.0198056e-01   2.2828658e-01   1.7453210e-01   1.7998212e-01   1.7814712e-01
   5.1000000e+01   1.0000000e+00   5.1100000e+02   5.4200000e+02   5.4200000e+02   4.5400000e+02   5.7000000e+01   3.1000000e+01   2.0547240e-01   3.1256538e-01   1.9896225e-01   2.2841561e-01   2.0815605e-01
   5.1000000e+01   1.0000000e+00   5.6000000e+02   6.0600000e+02   6.0600000e+02   5.4200000e+02   1.8000000e+01   4.6000000e+01   2.3286084e-01   1.7364805e-01   2.1708112e-01   1.8086828e-01   2.1113346e-01
   5.1000000e+01   1.0000000e+00   7.7400000e+02   7.8100000e+02   7.8100000e+02   6.0600000e+02   1.6800000e+02   7.0000000e+00   2.8047595e-01   2.4953680e-01   2.0272525e-01   2.1430114e-01   2.0751920e-01
   5.1000000e+01   1.0000000e+00   8.8100000e+02   9.0500000e+02   9.0500000e+02   7.8100000e+02   1.0000000e+02   2.4000000e+01   2.2144809e-01   2.5658089e-01   1.7736035e-01   1.7770086e-01   1.8689423e-01
   5.1000000e+01   1.0000000e+00   9.4600000e+02   9.7500000e+02   9.7500000e+02   9.0500000e+02   4.1000000e+01   2.9000000e+01   2.2404375e-01   2.3648005e-01   2.0429786e-01   2.4073480e-01   2.0705923e-01
   5.1000000e+01   1.0000000e+00   9.8500000e+02   1.0220000e+03   1.0220000e+03   9.7500000e+02   1.0000000e+01   3.7000000e+01   2.1898767e-01   2.5717599e-01   2.2739078e-01   2.3737429e-01   2.2287116e-01
   5.1000000e+01   1.0000000e+00   1.0570000e+03   1.0600000e+03   1.0600000e+03   1.0220000e+03   3.5000000e+01   3.0000000e+00   2.3292115e-01   2.1239164e-01   1.9949524e-01   1.9702768e-01   1.9949524e-01
   5.1000000e+01   1.0000000e+00   1.0970000e+03   1.1330000e+03   1.1330000e+03   1.0600000e+03   3.7000000e+01   3.6000000e+01   2.6363103e-01   4.8797493e-01   1.8954734e-01   4.4911288e-01   3.6926264e-01
   5.1000000e+01   1.0000000e+00   1.1600000e+03   1.2100000e+03   1.2100000e+03   1.1330000e+03   2.7000000e+01   5.0000000e+01   1.0330356e-01   2.7485492e-01   1.4165530e-01   2.4117739e-01   1.8460969e-01
   5.1000000e+01   1.0000000e+00   1.2240000e+03   1.2790000e+03   1.2790000e+03   1.2100000e+03   1.4000000e+01   5.5000000e+01   2.4042433e-01   2.5382274e-01   2.0534244e-01   2.1222493e-01   2.2127099e-01
   5.1000000e+01   1.0000000e+00   1.3040000e+03   1.3260000e+03   1.3260000e+03   1.2790000e+03   2.5000000e+01   2.2000000e+01   2.2892779e-01   2.7012919e-01   2.2077932e-01   2.3652349e-01   2.3233234e-01
   5.2000000e+01   2.0000000e+00   1.0100000e+02   2.6400000e+02   2.7000000e+02   0.0000000e+00   1.0100000e+02   1.6300000e+02   4.9268365e-01   5.0853107e-01   4.5764311e-01   7.0221965e-01   4.1991919e-01
   5.3000000e+01   2.0000000e+00   8.6000000e+01   3.6100000e+02   4.9600000e+02   0.0000000e+00   8.6000000e+01   2.7500000e+02   2.7244743e-01   5.1747627e-01   3.2009846e-01   6.7931938e-01   5.4015324e-01
   5.4000000e+01   2.0000000e+00   4.7100000e+02   6.6200000e+02   7.0900000e+02   0.0000000e+00   4.7100000e+02   1.9100000e+02   4.4775822e-01   8.0310376e-01   4.5482593e-01   9.1267132e-01   5.9016480e-01
   5.5000000e+01   1.0000000e+00   8.4500000e+02   8.4800000e+02   8.4800000e+02   0.0000000e+00   8.4500000e+02   3.0000000e+00   1.1544415e-01   3.8068341e-01   1.3020452e-01   2.0775792e-01   1.3020452e-01
   5.5000000e+01   2.0000000e+00   1.1660000e+03   1.4340000e+03   1.4650000e+03   8.4800000e+02   3.1800000e+02   2.6800000e+02   5.1889634e-01   6.9328095e-01   4.8930395e-01   8.4881409e-01   6.0170739e-01
   5.6000000e+01   2.0000000e+00   4.0800000e+02   5.4100000e+02   5.7400000e+02   0.0000000e+00   4.0800000e+02   1.3300000e+02   3.6582243e-01   6.7648386e-01   3.4116680e-01   7.9115731e-01   4.4877721e-01
   5.7000000e+01   2.0000000e+00   3.7000000e+01   6.8000000e+01   8.3000000e+01   0.0000000e+00   3.7000000e+01   3.1000000e+01   3.6546395e-01   5.7646847e-01   3.3623108e-01   6.8877987e-01   5.3279405e-01
   5.8000000e+01   1.0000000e+00   8.8700000e+02   1.1390000e+03   1.1390000e+03   0.0000000e+00   8.8700000e+02   2.5200000e+02   4.6617382e-01   8.0918213e-01   4.4712713e-01   8.4122214e-01   7.3472042e-01
   5.9000000e+01   1.0000000e+00   1.0840000e+03   1.1890000e+03   1.1890000e+03   0.0000000e+00   1.0840000e+03   1.0500000e+02   3.8360486e-01   9.7056242e-01   4.7515012e-01   1.0142386e+00   5.6617758e-01
   6.0000000e+01   1.0000000e+00   6.6400000e+02   8.9000000e+02   8.9000000e+02   0.0000000e+00   6.6400000e+02   2.2600000e+02   3.6874114e-01   8.6272433e-01   3.4462486e-01   8.0783050e-01   6.0242626e-01
   6.1000000e+01   1.0000000e+00   2.5300000e+02   4.5900000e+02   4.5900000e+02   0.0000000e+00   2.5300000e+02   2.0600000e+02   2.0080378e-01   5.4911160e-01   3.0829208e-01   5.8564837e-01   4.7695558e-01
   6.2000000e+01   1.0000000e+00   4.4000000e+01   7.5000000e+01   7.5000000e+01   0.0000000e+00   4.4000000e+01   3.1000000e+01   3.0059815e-01   2.5847720e-01   2.1595767e-01   1.5495109e-01   2.0146268e-01
   6.2000000e+01   1.0000000e+00   8.0900000e+02   8.3400000e+02   8.3400000e+02   7.5000000e+01   7.3400000e+02   2.5000000e+01   2.2203719e-01   2.3902440e-01   1.9406701e-01   1.9160968e-01   1.8973938e-01
   6.2000000e+01   1.0000000e+00   1.2120000e+03   1.2190000e+03   1.2190000e+03   8.3400000e+02   3.7800000e+02   7.0000000e+00   1.9980361e-01   1.5527600e-01   1.7120419e-01   9.2947251e-02   1.3554669e-01
   6.3000000e+01   1.0000000e+00   5.5000000e+02   7.5300000e+02   7.5300000e+02   0.0000000e+00   5.5000000e+02   2.0300000e+02   5.8297236e-01   6.4485322e-01   5.5444019e-01   6.9635594e-01   5.4979586e-01
   6.4000000e+01   1.0000000e+00   3.4400000e+02   3.7400000e+02   3.7400000e+02   0.0000000e+00   3.4400000e+02   3.0000000e+01   4.1913932e-01   4.4329946e-01   2.9706881e-01   3.0982733e-01   2.6989154e-01
   6.4000000e+01   1.0000000e+00   3.8700000e+02   3.9300000e+02   3.9300000e+02   3.7400000e+02   1.3000000e+01   6.0000000e+00   1.1802400e-01   1.8613483e-01   1.2724380e-01   1.5256274e-01   1.3874745e-01
   6.4000000e+01   1.0000000e+00   4.0700000e+02   4.1900000e+02   4.1900000e+02   3.9300000e+02   1.4000000e+01   1.2000000e+01   2.7916731e-01   1.3520032e-01   1.9260719e-01   6.0936539e-02   1.6576992e-01
   6.4000000e+01   1.0000000e+00   6.4100000e+02   6.5200000e+02   6.5200000e+02   4.1900000e+02   2.2200000e+02   1.1000000e+01   2.6085703e-01   2.4534227e-01   1.8395243e-01   1.7411503e-01   1.9124501e-01
   6.4000000e+01   1.0000000e+00   7.1100000e+02   7.3200000e+02   7.3200000e+02   6.5200000e+02   5.9000000e+01   2.1000000e+01   3.0012006e-01   3.3545035e-01   1.9811068e-01   2.1730374e-01   1.9658027e-01
   6.4000000e+01   1.0000000e+00   7.3700000e+02   7.5200000e+02   7.5200000e+02   7.3200000e+02   5.0000000e+00   1.5000000e+01   2.0687505e-01   1.7813465e-01   1.7858883e-01   1.0175522e-01   1.8052693e-01
   6.4000000e+01   1.0000000e+00   8.4600000e+02   8.6400000e+02   8.6400000e+02   7.5200000e+02   9.4000000e+01   1.8000000e+01   2.4981219e-01   2.1544891e-01   1.9541893e-01   1.7129599e-01   2.0205970e-01
   6.4000000e+01   1.0000000e+00   9.1800000e+02   9.3100000e+02   9.3100000e+02   8.6400000e+02   5.4000000e+01   1.3000000e+01   2.8355968e-01   3.0532602e-01   2.0413441e-01   1.4494799e-01   1.9219456e-01
   6.4000000e+01   1.0000000e+00   1.0000000e+03   1.0180000e+03   1.0180000e+03   9.3100000e+02   6.9000000e+01   1.8000000e+01   3.7319287e-01   2.5373114e-01   2.1273839e-01   1.8652311e-01   1.9454046e-01
   6.4000000e+01   1.0000000e+00   1.0660000e+03   1.0710000e+03   1.0710000e+03   1.0180000e+03   4.8000000e+01   5.0000000e+00   3.1397665e-01   2.6474774e-01   2.0158811e-01   1.9487319e-01   1.9926125e-01
   6.4000000e+01   1.0000000e+00   1.1250000e+03   1.1350000e+03   1.1350000e+03   1.0710000e+03   5.4000000e+01   1.0000000e+01   2.5680494e-01   2.0574016e-01   2.0729750e-01   1.7196524e-01   2.0721796e-01
   6.4000000e+01   1.0000000e+00   1.1570000e+03   1.1640000e+03   1.1640000e+03   1.1350000e+03   2.2000000e+01   7.0000000e+00   2.3552353e-01   2.2798395e-01   1.7748509e-01   1.7172451e-01   1.8162860e-01
   6.5000000e+01   1.0000000e+00   1.0000000e+01   4.0000000e+01   4.0000000e+01   0.0000000e+00   1.0000000e+01   3.0000000e+01   2.5083258e-01   3.4493843e-01   2.2209385e-01   2.9869843e-01   2.3891466e-01
   6.5000000e+01   1.0000000e+00   5.1000000e+01   6.2000000e+01   6.2000000e+01   4.0000000e+01   1.1000000e+01   1.1000000e+01   2.3719008e-01   2.3861574e-01   1.6659345e-01   1.9507571e-01   1.8744254e-01
   6.5000000e+01   1.0000000e+00   8.8000000e+01   1.0100000e+02   1.0100000e+02   6.2000000e+01   2.6000000e+01   1.3000000e+01   2.5359575e-01   2.9416915e-01   2.1241886e-01   2.2256089e-01   2.0708403e-01
   6.6000000e+01   1.0000000e+00   3.4000000e+02   6.2400000e+02   6.2400000e+02   0.0000000e+00   3.4000000e+02   2.8400000e+02   3.4554656e-01   3.9663527e-01   3.4450050e-01   4.2473979e-01   4.5275030e-01
   6.7000000e+01   1.0000000e+00   1.4300000e+02   3.3700000e+02   3.3700000e+02   0.0000000e+00   1.4300000e+02   1.9400000e+02   5.0937375e-01   4.4854419e-01   4.6083464e-01   4.4324715e-01   4.9357395e-01
   6.8000000e+01   1.0000000e+00   1.3000000e+01   2.7000000e+01   2.7000000e+01   0.0000000e+00   1.3000000e+01   1.4000000e+01   3.6896138e-01   3.8767945e-01   3.2791750e-01   2.9303683e-01   3.0754840e-01
   6.8000000e+01   1.0000000e+00   1.3500000e+02   2.9000000e+02   2.9000000e+02   2.7000000e+01   1.0800000e+02   1.5500000e+02   3.7168172e-01   5.5021891e-01   3.4562831e-01   4.9654065e-01   4.5741600e-01
   6.9000000e+01   1.0000000e+00   1.4500000e+02   1.5800000e+02   1.5800000e+02   0.0000000e+00   1.4500000e+02   1.3000000e+01   2.9082626e-01   5.1190561e-01   3.9836201e-01   4.6927740e-01   4.3638961e-01
   7.0000000e+01   1.0000000e+00   3.6000000e+02   4.7900000e+02   4.7900000e+02   0.0000000e+00   3.6000000e+02   1.1900000e+02   4.0730398e-01   3.9152484e-01   4.0288669e-01   3.6599457e-01   4.1796186e-01
   7.1000000e+01   1.0000000e+00   9.2000000e+01   2.1200000e+02   2.1200000e+02   0.0000000e+00   9.2000000e+01   1.2000000e+02   4.3546993e-01   4.1875324e-01   4.5534936e-01   4.6030634e-01   4.8267912e-01
   7.2000000e+01   1.0000000e+00   2.7900000e+02   3.4200000e+02   3.4200000e+02   0.0000000e+00   2.7900000e+02   6.3000000e+01   4.0810718e-01   4.5402292e-01   4.2586714e-01   3.6045949e-01   4.3174756e-01
   7.3000000e+01   1.0000000e+00   9.1100000e+02   1.0980000e+03   1.0980000e+03   0.0000000e+00   9.1100000e+02   1.8700000e+02   2.4730885e-01   6.7078914e-01   3.8699385e-01   6.3688460e-01   4.5543803e-01
   7.4000000e+01   1.0000000e+00   1.3000000e+01   2.7000000e+02   2.7000000e+02   0.0000000e+00   1.3000000e+01   2.5700000e+02   3.9355628e-01   4.3374485e-01   3.6964457e-01   4.0766030e-01   4.4022385e-01
   7.5000000e+01   1.0000000e+00   8.5800000e+02   1.0140000e+03   1.0140000e+03   2.3600000e+02   6.2200000e+02   1.5600000e+02   5.5721582e-01   5.0846015e-01   5.1075921e-01   4.9149397e-01   5.1906824e-01
   7.6000000e+01   1.0000000e+00   5.3100000e+02   6.8000000e+02   6.8000000e+02   0.0000000e+00   5.3100000e+02   1.4900000e+02   3.0808681e-01   4.9974305e-01   3.8405916e-01   4.5178751e-01   4.2208962e-01
   7.7000000e+01   1.0000000e+00   4.4000000e+01   1.5900000e+02   1.5900000e+02   0.0000000e+00   4.4000000e+01   1.1500000e+02   3.0244206e-01   3.0584139e-01   3.6899257e-01   2.8265741e-01   3.7680135e-01
   7.7000000e+01   1.0000000e+00   2.6000000e+02   3.2500000e+02   3.2500000e+02   1.5900000e+02   1.0100000e+02   6.5000000e+01   2.5949779e-01   3.2836421e-01   2.4410982e-01   2.4073283e-01   2.6485791e-01
   7.7000000e+01   1.0000000e+00   4.6800000e+02   5.1300000e+02   5.1300000e+02   3.2500000e+02   1.4300000e+02   4.5000000e+01   3.1955511e-01   3.3937711e-01   3.2217506e-01   2.9024596e-01   3.0548278e-01
   7.7000000e+01   1.0000000e+00   5.7400000e+02   5.8100000e+02   5.8100000e+02   5.1300000e+02   6.1000000e+01   7.0000000e+00   3.9041097e-01   3.4947517e-01   3.6892284e-01   2.4463885e-01   3.2036172e-01
   7.7000000e+01   1.0000000e+00   7.7800000e+02   7.9800000e+02   7.9800000e+02   5.8100000e+02   1.9700000e+02   2.0000000e+01   3.5713306e-01   3.1364778e-01   3.4606649e-01   3.4103130e-01   3.2911768e-01
   7.7000000e+01   1.0000000e+00   8.0500000e+02   8.1900000e+02   8.1900000e+02   7.9800000e+02   7.0000000e+00   1.4000000e+01   3.5769423e-01   3.5348749e-01   3.1023573e-01   2.9888132e-01   3.0889946e-01
   7.7000000e+01   1.0000000e+00   8.3400000e+02   8.4800000e+02   8.4800000e+02   8.1900000e+02   1.5000000e+01   1.4000000e+01   3.3512823e-01   2.8754666e-01   3.2079863e-01   2.3772581e-01   3.0293196e-01
   7.7000000e+01   1.0000000e+00   8.8500000e+02   9.0000000e+02   9.0000000e+02   8.4800000e+02   3.7000000e+01   1.5000000e+01   3.5258661e-01   3.1947948e-01   2.2831576e-01   2.5370585e-01   2.6862028e-01
   7.7000000e+01   1.0000000e+00   1.1250000e+03   1.1430000e+03   1.1430000e+03   9.0000000e+02   2.2500000e+02   1.8000000e+01   3.1773819e-01   2.2731584e-01   3.0218585e-01   1.9771568e-01   3.1031429e-01
   7.7000000e+01   1.0000000e+00   1.1840000e+03   1.2340000e+03   1.2340000e+03   1.1430000e+03   4.1000000e+01   5.0000000e+01   2.8017420e-01   3.3929578e-01   3.1303136e-01   2.9934338e-01   3.2018871e-01
   7.7000000e+01   1.0000000e+00   1.2410000e+03   1.3430000e+03   1.3430000e+03   1.2340000e+03   7.0000000e+00   1.0200000e+02   2.6467807e-01   2.6295368e-01   2.3142703e-01   2.2418884e-01   2.1030654e-01
