   1.0000000e+00   1.0000000e+00   6.6000000e+01   6.9000000e+01   6.9000000e+01   0.0000000e+00   6.6000000e+01   3.0000000e+00   5.0000000e-01   5.0000000e-01   5.0000000e-01   5.0000000e-01   5.0000000e-01
   1.0000000e+00   1.0000000e+00   1.2700000e+02   1.7100000e+02   1.7100000e+02   6.9000000e+01   5.8000000e+01   4.4000000e+01   5.0000000e-01   5.0000000e-01   5.0000000e-01   5.0000000e-01   5.0000000e-01
   1.0000000e+00   1.0000000e+00   1.6780000e+03   1.7080000e+03   1.7080000e+03   1.7100000e+02   1.5070000e+03   3.0000000e+01   5.0000000e-01   5.0000000e-01   5.0000000e-01   5.0000000e-01   5.0000000e-01
   1.0000000e+00   1.0000000e+00   2.0320000e+03   2.0360000e+03   2.0360000e+03   1.7080000e+03   3.2400000e+02   4.0000000e+00   5.0000000e-01   5.0000000e-01   5.0000000e-01   5.0000000e-01   5.0000000e-01
   1.0000000e+00   1.0000000e+00   3.1020000e+03   3.1600000e+03   3.1600000e+03   2.0360000e+03   1.0660000e+03   5.8000000e+01   5.0000000e-01   5.0000000e-01   5.0000000e-01   5.0000000e-01   5.0000000e-01
   1.0000000e+00   1.0000000e+00   5.4050000e+03   5.4190000e+03   5.4190000e+03   3.1600000e+03   2.2450000e+03   1.4000000e+01   5.0000000e-01   5.0000000e-01   5.0000000e-01   5.0000000e-01   5.0000000e-01
   1.0000000e+00   1.0000000e+00   6.8850000e+03   6.9190000e+03   6.9190000e+03   5.4190000e+03   1.4660000e+03   3.4000000e+01   5.0000000e-01   5.0000000e-01   5.0000000e-01   5.0000000e-01   5.0000000e-01
   1.0000000e+00   1.0000000e+00   7.3080000e+03   7.3600000e+03   7.3600000e+03   6.9190000e+03   3.8900000e+02   5.2000000e+01   5.0000000e-01   5.0000000e-01   5.0000000e-01   5.0000000e-01   5.0000000e-01
   1.0000000e+00   1.0000000e+00   7.9710000e+03   7.9790000e+03   7.9790000e+03   7.3600000e+03   6.1100000e+02   8.0000000e+00   5.0000000e-01   5.0000000e-01   5.0000000e-01   5.0000000e-01   5.0000000e-01
   2.0000000e+00   1.0000000e+00   1.2650000e+03   1.2770000e+03   1.2770000e+03   0.0000000e+00   1.2650000e+03   1.2000000e+01   5.0000000e-01   5.0000000e-01   5.0000000e-01   5.0000000e-01   5.0000000e-01
   2.0000000e+00   1.0000000e+00   1.8600000e+03   1.8800000e+03   1.8800000e+03   1.2770000e+03   5.8300000e+02   2.0000000e+01   5.0000000e-01   5.0000000e-01   5.0000000e-01   5.0000000e-01   5.0000000e-01
   2.0000000e+00   1.0000000e+00   2.9980000e+03   3.0110000e+03   3.0110000e+03   1.8800000e+03   1.1180000e+03   1.3000000e+01   5.0000000e-01   5.0000000e-01   5.0000000e-01   5.0000000e-01   5.0000000e-01
   2.0000000e+00   1.0000000e+00   3.7840000e+03   3.8230000e+03   3.8230000e+03   3.0110000e+03   7.7300000e+02   3.9000000e+01   5.0000000e-01   5.0000000e-01   5.0000000e-01   5.0000000e-01   5.0000000e-01
   3.0000000e+00   1.0000000e+00   9.0600000e+02   9.3400000e+02   9.3400000e+02   0.0000000e+00   9.0600000e+02   2.8000000e+01   5.0000000e-01   5.0000000e-01   5.0000000e-01   5.0000000e-01   5.0000000e-01
   3.0000000e+00   1.0000000e+00   1.4390000e+03   1.4530000e+03   1.4530000e+03   9.3400000e+02   5.0500000e+02   1.4000000e+01   5.0000000e-01   5.0000000e-01   5.0000000e-01   5.0000000e-01   5.0000000e-01
   3.0000000e+00   1.0000000e+00   2.0520000e+03   2.0590000e+03   2.0590000e+03   1.4530000e+03   5.9900000e+02   7.0000000e+00   5.0000000e-01   5.0000000e-01   5.0000000e-01   5.0000000e-01   5.0000000e-01
   3.0000000e+00   1.0000000e+00   2.4400000e+03   2.4550000e+03   2.4550000e+03   2.0590000e+03   3.8100000e+02   1.5000000e+01   5.0000000e-01   5.0000000e-01   5.0000000e-01   5.0000000e-01   5.0000000e-01
   3.0000000e+00   1.0000000e+00   2.7320000e+03   2.7370000e+03   2.7370000e+03   2.4550000e+03   2.7700000e+02   5.0000000e+00   5.0000000e-01   5.0000000e-01   5.0000000e-01   5.0000000e-01   5.0000000e-01
   3.0000000e+00   1.0000000e+00   3.3090000e+03   3.3270000e+03   3.3270000e+03   2.7370000e+03   5.7200000e+02   1.8000000e+01   5.0000000e-01   5.0000000e-01   5.0000000e-01   5.0000000e-01   5.0000000e-01
   3.0000000e+00   1.0000000e+00   3.5410000e+03   3.5510000e+03   3.5510000e+03   3.3270000e+03   2.1400000e+02   1.0000000e+01   5.0000000e-01   5.0000000e-01   5.0000000e-01   5.0000000e-01   5.0000000e-01
   3.0000000e+00   1.0000000e+00   3.9060000e+03   3.9380000e+03   3.9380000e+03   3.5510000e+03   3.5500000e+02   3.2000000e+01   5.0000000e-01   5.0000000e-01   5.0000000e-01   5.0000000e-01   5.0000000e-01
   3.0000000e+00   1.0000000e+00   4.5450000e+03   4.5900000e+03   4.5900000e+03   3.9380000e+03   6.0700000e+02   4.5000000e+01   5.0000000e-01   5.0000000e-01   5.0000000e-01   5.0000000e-01   5.0000000e-01
   3.0000000e+00   1.0000000e+00   4.8840000e+03   4.8900000e+03   4.8900000e+03   4.5900000e+03   2.9400000e+02   6.0000000e+00   5.0000000e-01   5.0000000e-01   5.0000000e-01   5.0000000e-01   5.0000000e-01
   3.0000000e+00   1.0000000e+00   5.0270000e+03   5.0340000e+03   5.0340000e+03   4.8900000e+03   1.3700000e+02   7.0000000e+00   5.0000000e-01   5.0000000e-01   5.0000000e-01   5.0000000e-01   5.0000000e-01
   3.0000000e+00   1.0000000e+00   5.0990000e+03   5.1040000e+03   5.1040000e+03   5.0340000e+03   6.5000000e+01   5.0000000e+00   5.0000000e-01   5.0000000e-01   5.0000000e-01   5.0000000e-01   5.0000000e-01
   3.0000000e+00   1.0000000e+00   6.7000000e+03   6.7590000e+03   6.7590000e+03   5.1040000e+03   1.5960000e+03   5.9000000e+01   5.0000000e-01   5.0000000e-01   5.0000000e-01   5.0000000e-01   5.0000000e-01
   3.0000000e+00   1.0000000e+00   7.6520000e+03   7.6610000e+03   7.6610000e+03   6.7590000e+03   8.9300000e+02   9.0000000e+00   5.0000000e-01   5.0000000e-01   5.0000000e-01   5.0000000e-01   5.0000000e-01
   3.0000000e+00   1.0000000e+00   7.6950000e+03   7.7150000e+03   7.7150000e+03   7.6610000e+03   3.4000000e+01   2.0000000e+01   5.0000000e-01   5.0000000e-01   5.0000000e-01   5.0000000e-01   5.0000000e-01
   4.0000000e+00   1.0000000e+00   3.9980000e+03   4.0750000e+03   4.0750000e+03   0.0000000e+00   3.9980000e+03   7.7000000e+01   5.0000000e-01   5.0000000e-01   5.0000000e-01   5.0000000e-01   5.0000000e-01
   4.0000000e+00   1.0000000e+00   4.2800000e+03   4.3390000e+03   4.3390000e+03   4.0750000e+03   2.0500000e+02   5.9000000e+01   5.0000000e-01   5.0000000e-01   5.0000000e-01   5.0000000e-01   5.0000000e-01
   4.0000000e+00   1.0000000e+00   5.7140000e+03   5.7790000e+03   5.7790000e+03   4.3390000e+03   1.3750000e+03   6.5000000e+01   5.0000000e-01   5.0000000e-01   5.0000000e-01   5.0000000e-01   5.0000000e-01
   4.0000000e+00   1.0000000e+00   6.1990000e+03   6.2930000e+03   6.2930000e+03   5.7790000e+03   4.2000000e+02   9.4000000e+01   5.0000000e-01   5.0000000e-01   5.0000000e-01   5.0000000e-01   5.0000000e-01
   4.0000000e+00   1.0000000e+00   6.4350000e+03   6.4520000e+03   6.4520000e+03   6.2930000e+03   1.4200000e+02   1.7000000e+01   5.0000000e-01   5.0000000e-01   5.0000000e-01   5.0000000e-01   5.0000000e-01
   5.0000000e+00   1.0000000e+00   8.4800000e+02   8.7000000e+02   8.7000000e+02   0.0000000e+00   8.4800000e+02   2.2000000e+01   5.0000000e-01   5.0000000e-01   5.0000000e-01   5.0000000e-01   5.0000000e-01
   5.0000000e+00   1.0000000e+00   1.1210000e+03   1.1380000e+03   1.1380000e+03   8.7000000e+02   2.5100000e+02   1.7000000e+01   5.0000000e-01   5.0000000e-01   5.0000000e-01   5.0000000e-01   5.0000000e-01
   5.0000000e+00   1.0000000e+00   2.0500000e+03   2.1590000e+03   2.1590000e+03   1.1380000e+03   9.1200000e+02   1.0900000e+02   5.0000000e-01   5.0000000e-01   5.0000000e-01   5.0000000e-01   5.0000000e-01
   5.0000000e+00   1.0000000e+00   3.0660000e+03   3.1150000e+03   3.1150000e+03   2.1590000e+03   9.0700000e+02   4.9000000e+01   5.0000000e-01   5.0000000e-01   5.0000000e-01   5.0000000e-01   5.0000000e-01
   5.0000000e+00   1.0000000e+00   6.9490000e+03   6.9680000e+03   6.9680000e+03   3.1150000e+03   3.8340000e+03   1.9000000e+01   5.0000000e-01   5.0000000e-01   5.0000000e-01   5.0000000e-01   5.0000000e-01
   6.0000000e+00   1.0000000e+00   3.5400000e+02   3.7000000e+02   3.7000000e+02   0.0000000e+00   3.5400000e+02   1.6000000e+01   5.0000000e-01   5.0000000e-01   5.0000000e-01   5.0000000e-01   5.0000000e-01
   6.0000000e+00   1.0000000e+00   7.2700000e+02   7.4300000e+02   7.4300000e+02   3.7000000e+02   3.5700000e+02   1.6000000e+01   5.0000000e-01   5.0000000e-01   5.0000000e-01   5.0000000e-01   5.0000000e-01
   6.0000000e+00   1.0000000e+00   1.8230000e+03   1.8370000e+03   1.8370000e+03   7.4300000e+02   1.0800000e+03   1.4000000e+01   5.0000000e-01   5.0000000e-01   5.0000000e-01   5.0000000e-01   5.0000000e-01
   6.0000000e+00   1.0000000e+00   6.8260000e+03   7.3400000e+03   7.3400000e+03   1.8370000e+03   4.9890000e+03   5.1400000e+02   5.0000000e-01   5.0000000e-01   5.0000000e-01   5.0000000e-01   5.0000000e-01
   7.0000000e+00   1.0000000e+00   1.2300000e+02   2.4200000e+02   2.4200000e+02   0.0000000e+00   1.2300000e+02   1.1900000e+02   5.0000000e-01   5.0000000e-01   5.0000000e-01   5.0000000e-01   5.0000000e-01
   7.0000000e+00   1.0000000e+00   6.1900000e+02   7.0600000e+02   7.0600000e+02   2.4200000e+02   3.7700000e+02   8.7000000e+01   5.0000000e-01   5.0000000e-01   5.0000000e-01   5.0000000e-01   5.0000000e-01
   8.0000000e+00   1.0000000e+00   4.0500000e+02   4.2000000e+02   4.2000000e+02   0.0000000e+00   4.0500000e+02   1.5000000e+01   5.0000000e-01   5.0000000e-01   5.0000000e-01   5.0000000e-01   5.0000000e-01
   8.0000000e+00   1.0000000e+00   1.3590000e+03   1.3620000e+03   1.3620000e+03   4.2000000e+02   9.3900000e+02   3.0000000e+00   5.0000000e-01   5.0000000e-01   5.0000000e-01   5.0000000e-01   5.0000000e-01
   8.0000000e+00   1.0000000e+00   2.9890000e+03   3.1050000e+03   3.1050000e+03   1.3620000e+03   1.6270000e+03   1.1600000e+02   5.0000000e-01   5.0000000e-01   5.0000000e-01   5.0000000e-01   5.0000000e-01
   8.0000000e+00   1.0000000e+00   3.3170000e+03   3.3400000e+03   3.3400000e+03   3.1050000e+03   2.1200000e+02   2.3000000e+01   5.0000000e-01   5.0000000e-01   5.0000000e-01   5.0000000e-01   5.0000000e-01
   8.0000000e+00   1.0000000e+00   4.5380000e+03   4.5460000e+03   4.5460000e+03   3.3400000e+03   1.1980000e+03   8.0000000e+00   5.0000000e-01   5.0000000e-01   5.0000000e-01   5.0000000e-01   5.0000000e-01
   8.0000000e+00   1.0000000e+00   7.4090000e+03   7.4390000e+03   7.4390000e+03   4.5460000e+03   2.8630000e+03   3.0000000e+01   5.0000000e-01   5.0000000e-01   5.0000000e-01   5.0000000e-01   5.0000000e-01
   9.0000000e+00   1.0000000e+00   2.2800000e+02   5.6000000e+02   5.6000000e+02   0.0000000e+00   2.2800000e+02   3.3200000e+02   5.0000000e-01   5.0000000e-01   5.0000000e-01   5.0000000e-01   5.0000000e-01
   9.0000000e+00   1.0000000e+00   6.3550000e+03   7.4210000e+03   7.4210000e+03   5.6000000e+02   5.7950000e+03   1.0660000e+03   5.0000000e-01   5.0000000e-01   5.0000000e-01   5.0000000e-01   5.0000000e-01
   1.0000000e+01   1.0000000e+00   9.6600000e+02   1.0030000e+03   1.0030000e+03   0.0000000e+00   9.6600000e+02   3.7000000e+01   5.0000000e-01   5.0000000e-01   5.0000000e-01   5.0000000e-01   5.0000000e-01
   1.0000000e+01   1.0000000e+00   1.3720000e+03   1.3900000e+03   1.3900000e+03   1.0030000e+03   3.6900000e+02   1.8000000e+01   5.0000000e-01   5.0000000e-01   5.0000000e-01   5.0000000e-01   5.0000000e-01
   1.0000000e+01   1.0000000e+00   3.4830000e+03   3.5220000e+03   3.5220000e+03   1.3900000e+03   2.0930000e+03   3.9000000e+01   5.0000000e-01   5.0000000e-01   5.0000000e-01   5.0000000e-01   5.0000000e-01
   1.0000000e+01   1.0000000e+00   5.6660000e+03   5.6890000e+03   5.6890000e+03   3.5220000e+03   2.1440000e+03   2.3000000e+01   5.0000000e-01   5.0000000e-01   5.0000000e-01   5.0000000e-01   5.0000000e-01
   1.1000000e+01   1.0000000e+00   1.0800000e+03   1.0860000e+03   1.0860000e+03   0.0000000e+00   1.0800000e+03   6.0000000e+00   5.0000000e-01   5.0000000e-01   5.0000000e-01   5.0000000e-01   5.0000000e-01
   1.1000000e+01   1.0000000e+00   2.0570000e+03   2.0720000e+03   2.0720000e+03   1.0860000e+03   9.7100000e+02   1.5000000e+01   5.0000000e-01   5.0000000e-01   5.0000000e-01   5.0000000e-01   5.0000000e-01
   1.1000000e+01   1.0000000e+00   4.0050000e+03   4.0480000e+03   4.0480000e+03   2.0720000e+03   1.9330000e+03   4.3000000e+01   5.0000000e-01   5.0000000e-01   5.0000000e-01   5.0000000e-01   5.0000000e-01
   1.1000000e+01   1.0000000e+00   6.1030000e+03   6.1320000e+03   6.1320000e+03   4.0480000e+03   2.0550000e+03   2.9000000e+01   5.0000000e-01   5.0000000e-01   5.0000000e-01   5.0000000e-01   5.0000000e-01
   1.1000000e+01   1.0000000e+00   7.7570000e+03   7.8080000e+03   7.8080000e+03   6.1320000e+03   1.6250000e+03   5.1000000e+01   5.0000000e-01   5.0000000e-01   5.0000000e-01   5.0000000e-01   5.0000000e-01
   1.2000000e+01   1.0000000e+00   1.7500000e+02   2.0900000e+02   2.0900000e+02   0.0000000e+00   1.7500000e+02   3.4000000e+01   5.0000000e-01   5.0000000e-01   5.0000000e-01   5.0000000e-01   5.0000000e-01
   1.2000000e+01   1.0000000e+00   3.1350000e+03   3.1750000e+03   3.1750000e+03   2.0900000e+02   2.9260000e+03   4.0000000e+01   5.0000000e-01   5.0000000e-01   5.0000000e-01   5.0000000e-01   5.0000000e-01
   1.2000000e+01   1.0000000e+00   4.4770000e+03   4.5070000e+03   4.5070000e+03   3.1750000e+03   1.3020000e+03   3.0000000e+01   5.0000000e-01   5.0000000e-01   5.0000000e-01   5.0000000e-01   5.0000000e-01
   1.3000000e+01   1.0000000e+00   5.5060000e+03   5.5190000e+03   5.5190000e+03   0.0000000e+00   5.5060000e+03   1.3000000e+01   5.0000000e-01   5.0000000e-01   5.0000000e-01   5.0000000e-01   5.0000000e-01
   1.3000000e+01   1.0000000e+00   6.1710000e+03   6.1790000e+03   6.1790000e+03   5.5190000e+03   6.5200000e+02   8.0000000e+00   5.0000000e-01   5.0000000e-01   5.0000000e-01   5.0000000e-01   5.0000000e-01
   1.3000000e+01   1.0000000e+00   6.6040000e+03   6.7650000e+03   6.7650000e+03   6.1790000e+03   4.2500000e+02   1.6100000e+02   5.0000000e-01   5.0000000e-01   5.0000000e-01   5.0000000e-01   5.0000000e-01
   1.4000000e+01   1.0000000e+00   1.0400000e+02   1.6200000e+02   1.6200000e+02   0.0000000e+00   1.0400000e+02   5.8000000e+01   5.0000000e-01   5.0000000e-01   5.0000000e-01   5.0000000e-01   5.0000000e-01
   1.4000000e+01   1.0000000e+00   3.3800000e+03   3.4260000e+03   3.4260000e+03   1.6200000e+02   3.2180000e+03   4.6000000e+01   5.0000000e-01   5.0000000e-01   5.0000000e-01   5.0000000e-01   5.0000000e-01
   1.4000000e+01   1.0000000e+00   4.2080000e+03   4.2140000e+03   4.2140000e+03   3.4260000e+03   7.8200000e+02   6.0000000e+00   5.0000000e-01   5.0000000e-01   5.0000000e-01   5.0000000e-01   5.0000000e-01
   1.4000000e+01   1.0000000e+00   6.3900000e+03   6.4120000e+03   6.4120000e+03   4.2140000e+03   2.1760000e+03   2.2000000e+01   5.0000000e-01   5.0000000e-01   5.0000000e-01   5.0000000e-01   5.0000000e-01
   1.5000000e+01   1.0000000e+00   2.3800000e+02   3.2200000e+02   3.2200000e+02   0.0000000e+00   2.3800000e+02   8.4000000e+01   5.0000000e-01   5.0000000e-01   5.0000000e-01   5.0000000e-01   5.0000000e-01
   1.5000000e+01   1.0000000e+00   8.0600000e+02   9.2300000e+02   9.2300000e+02   3.2200000e+02   4.8400000e+02   1.1700000e+02   5.0000000e-01   5.0000000e-01   5.0000000e-01   5.0000000e-01   5.0000000e-01
   1.5000000e+01   1.0000000e+00   1.5040000e+03   1.5810000e+03   1.5810000e+03   9.2300000e+02   5.8100000e+02   7.7000000e+01   5.0000000e-01   5.0000000e-01   5.0000000e-01   5.0000000e-01   5.0000000e-01
   1.5000000e+01   1.0000000e+00   3.3430000e+03   3.5540000e+03   3.5540000e+03   1.5810000e+03   1.7620000e+03   2.1100000e+02   5.0000000e-01   5.0000000e-01   5.0000000e-01   5.0000000e-01   5.0000000e-01
   1.5000000e+01   1.0000000e+00   5.2810000e+03   5.3050000e+03   5.3050000e+03   3.5540000e+03   1.7270000e+03   2.4000000e+01   5.0000000e-01   5.0000000e-01   5.0000000e-01   5.0000000e-01   5.0000000e-01
   1.5000000e+01   1.0000000e+00   6.4680000e+03   6.6340000e+03   6.6340000e+03   5.3050000e+03   1.1630000e+03   1.6600000e+02   5.0000000e-01   5.0000000e-01   5.0000000e-01   5.0000000e-01   5.0000000e-01
   1.5000000e+01   1.0000000e+00   7.7730000e+03   7.8480000e+03   7.8480000e+03   6.6340000e+03   1.1390000e+03   7.5000000e+01   5.0000000e-01   5.0000000e-01   5.0000000e-01   5.0000000e-01   5.0000000e-01
   1.5000000e+01   1.0000000e+00   7.9210000e+03   7.9470000e+03   7.9470000e+03   7.8480000e+03   7.3000000e+01   2.6000000e+01   5.0000000e-01   5.0000000e-01   5.0000000e-01   5.0000000e-01   5.0000000e-01
   1.6000000e+01   1.0000000e+00   4.4700000e+02   4.6700000e+02   4.6700000e+02   0.0000000e+00   4.4700000e+02   2.0000000e+01   5.0000000e-01   5.0000000e-01   5.0000000e-01   5.0000000e-01   5.0000000e-01
   1.6000000e+01   1.0000000e+00   3.7880000e+03   3.9970000e+03   3.9970000e+03   4.6700000e+02   3.3210000e+03   2.0900000e+02   5.0000000e-01   5.0000000e-01   5.0000000e-01   5.0000000e-01   5.0000000e-01
   1.7000000e+01   1.0000000e+00   1.4870000e+03   1.5460000e+03   1.5460000e+03   0.0000000e+00   1.4870000e+03   5.9000000e+01   5.0000000e-01   5.0000000e-01   5.0000000e-01   5.0000000e-01   5.0000000e-01
   1.7000000e+01   1.0000000e+00   2.4270000e+03   2.4520000e+03   2.4520000e+03   1.5460000e+03   8.8100000e+02   2.5000000e+01   5.0000000e-01   5.0000000e-01   5.0000000e-01   5.0000000e-01   5.0000000e-01
   1.7000000e+01   1.0000000e+00   5.3710000e+03   5.5150000e+03   5.5150000e+03   2.4520000e+03   2.9190000e+03   1.4400000e+02   5.0000000e-01   5.0000000e-01   5.0000000e-01   5.0000000e-01   5.0000000e-01
   1.8000000e+01   1.0000000e+00   9.0900000e+02   9.3200000e+02   9.3200000e+02   0.0000000e+00   9.0900000e+02   2.3000000e+01   5.0000000e-01   5.0000000e-01   5.0000000e-01   5.0000000e-01   5.0000000e-01
   1.8000000e+01   1.0000000e+00   1.2000000e+03   1.2070000e+03   1.2070000e+03   9.3200000e+02   2.6800000e+02   7.0000000e+00   5.0000000e-01   5.0000000e-01   5.0000000e-01   5.0000000e-01   5.0000000e-01
   1.8000000e+01   1.0000000e+00   1.6240000e+03   1.6340000e+03   1.6340000e+03   1.2070000e+03   4.1700000e+02   1.0000000e+01   5.0000000e-01   5.0000000e-01   5.0000000e-01   5.0000000e-01   5.0000000e-01
   1.8000000e+01   1.0000000e+00   2.2490000e+03   2.2820000e+03   2.2820000e+03   1.6340000e+03   6.1500000e+02   3.3000000e+01   5.0000000e-01   5.0000000e-01   5.0000000e-01   5.0000000e-01   5.0000000e-01
   1.8000000e+01   1.0000000e+00   5.3780000e+03   5.3980000e+03   5.3980000e+03   2.2820000e+03   3.0960000e+03   2.0000000e+01   5.0000000e-01   5.0000000e-01   5.0000000e-01   5.0000000e-01   5.0000000e-01
   1.8000000e+01   1.0000000e+00   6.4090000e+03   6.4530000e+03   6.4530000e+03   5.3980000e+03   1.0110000e+03   4.4000000e+01   5.0000000e-01   5.0000000e-01   5.0000000e-01   5.0000000e-01   5.0000000e-01
   1.9000000e+01   1.0000000e+00   5.0700000e+02   5.2600000e+02   5.2600000e+02   0.0000000e+00   5.0700000e+02   1.9000000e+01   5.0000000e-01   5.0000000e-01   5.0000000e-01   5.0000000e-01   5.0000000e-01
   2.0000000e+01   1.0000000e+00   6.0300000e+02   6.1900000e+02   6.1900000e+02   0.0000000e+00   6.0300000e+02   1.6000000e+01   5.0000000e-01   5.0000000e-01   5.0000000e-01   5.0000000e-01   5.0000000e-01
   2.0000000e+01   1.0000000e+00   1.2360000e+03   1.2520000e+03   1.2520000e+03   6.1900000e+02   6.1700000e+02   1.6000000e+01   5.0000000e-01   5.0000000e-01   5.0000000e-01   5.0000000e-01   5.0000000e-01
   2.0000000e+01   1.0000000e+00   2.3510000e+03   2.5400000e+03   2.5400000e+03   1.2520000e+03   1.0990000e+03   1.8900000e+02   5.0000000e-01   5.0000000e-01   5.0000000e-01   5.0000000e-01   5.0000000e-01
   2.0000000e+01   1.0000000e+00   3.7510000e+03   3.7540000e+03   3.7540000e+03   2.5400000e+03   1.2110000e+03   3.0000000e+00   5.0000000e-01   5.0000000e-01   5.0000000e-01   5.0000000e-01   5.0000000e-01
   2.0000000e+01   1.0000000e+00   3.7760000e+03   3.7910000e+03   3.7910000e+03   3.7540000e+03   2.2000000e+01   1.5000000e+01   5.0000000e-01   5.0000000e-01   5.0000000e-01   5.0000000e-01   5.0000000e-01
   2.1000000e+01   1.0000000e+00   4.2900000e+02   4.7800000e+02   4.7800000e+02   0.0000000e+00   4.2900000e+02   4.9000000e+01   5.0000000e-01   5.0000000e-01   5.0000000e-01   5.0000000e-01   5.0000000e-01
   2.1000000e+01   1.0000000e+00   1.3310000e+03   1.3730000e+03   1.3730000e+03   4.7800000e+02   8.5300000e+02   4.2000000e+01   5.0000000e-01   5.0000000e-01   5.0000000e-01   5.0000000e-01   5.0000000e-01
   2.1000000e+01   1.0000000e+00   3.6940000e+03   3.7130000e+03   3.7130000e+03   1.3730000e+03   2.3210000e+03   1.9000000e+01   5.0000000e-01   5.0000000e-01   5.0000000e-01   5.0000000e-01   5.0000000e-01
   2.1000000e+01   1.0000000e+00   5.4310000e+03   5.4480000e+03   5.4480000e+03   3.7130000e+03   1.7180000e+03   1.7000000e+01   5.0000000e-01   5.0000000e-01   5.0000000e-01   5.0000000e-01   5.0000000e-01
   2.1000000e+01   1.0000000e+00   5.5480000e+03   5.5540000e+03   5.5540000e+03   5.4480000e+03   1.0000000e+02   6.0000000e+00   5.0000000e-01   5.0000000e-01   5.0000000e-01   5.0000000e-01   5.0000000e-01
   2.2000000e+01   1.0000000e+00   3.0300000e+02   3.8500000e+02   3.8500000e+02   0.0000000e+00   3.0300000e+02   8.2000000e+01   5.0000000e-01   5.0000000e-01   5.0000000e-01   5.0000000e-01   5.0000000e-01
   2.2000000e+01   1.0000000e+00   7.7000000e+02   9.0000000e+02   9.0000000e+02   3.8500000e+02   3.8500000e+02   1.3000000e+02   5.0000000e-01   5.0000000e-01   5.0000000e-01   5.0000000e-01   5.0000000e-01
   2.2000000e+01   1.0000000e+00   3.3300000e+03   3.4620000e+03   3.4620000e+03   9.0000000e+02   2.4300000e+03   1.3200000e+02   5.0000000e-01   5.0000000e-01   5.0000000e-01   5.0000000e-01   5.0000000e-01
   2.3000000e+01   1.0000000e+00   1.7000000e+03   1.8510000e+03   1.8510000e+03   0.0000000e+00   1.7000000e+03   1.5100000e+02   5.0000000e-01   5.0000000e-01   5.0000000e-01   5.0000000e-01   5.0000000e-01
   2.3000000e+01   1.0000000e+00   2.4030000e+03   2.4160000e+03   2.4160000e+03   1.8510000e+03   5.5200000e+02   1.3000000e+01   5.0000000e-01   5.0000000e-01   5.0000000e-01   5.0000000e-01   5.0000000e-01
   2.3000000e+01   1.0000000e+00   2.8830000e+03   2.9050000e+03   2.9050000e+03   2.4160000e+03   4.6700000e+02   2.2000000e+01   5.0000000e-01   5.0000000e-01   5.0000000e-01   5.0000000e-01   5.0000000e-01
   2.3000000e+01   1.0000000e+00   3.4640000e+03   3.4720000e+03   3.4720000e+03   2.9050000e+03   5.5900000e+02   8.0000000e+00   5.0000000e-01   5.0000000e-01   5.0000000e-01   5.0000000e-01   5.0000000e-01
   2.3000000e+01   1.0000000e+00   3.5250000e+03   3.5350000e+03   3.5350000e+03   3.4720000e+03   5.3000000e+01   1.0000000e+01   5.0000000e-01   5.0000000e-01   5.0000000e-01   5.0000000e-01   5.0000000e-01
   2.3000000e+01   1.0000000e+00   4.4760000e+03   4.5230000e+03   4.5230000e+03   3.5350000e+03   9.4100000e+02   4.7000000e+01   5.0000000e-01   5.0000000e-01   5.0000000e-01   5.0000000e-01   5.0000000e-01
   2.3000000e+01   1.0000000e+00   4.6980000e+03   4.7090000e+03   4.7090000e+03   4.5230000e+03   1.7500000e+02   1.1000000e+01   5.0000000e-01   5.0000000e-01   5.0000000e-01   5.0000000e-01   5.0000000e-01
   2.3000000e+01   1.0000000e+00   5.1240000e+03   5.1370000e+03   5.1370000e+03   4.7090000e+03   4.1500000e+02   1.3000000e+01   5.0000000e-01   5.0000000e-01   5.0000000e-01   5.0000000e-01   5.0000000e-01
   2.3000000e+01   1.0000000e+00   7.7290000e+03   7.7480000e+03   7.7480000e+03   5.1370000e+03   2.5920000e+03   1.9000000e+01   5.0000000e-01   5.0000000e-01   5.0000000e-01   5.0000000e-01   5.0000000e-01
   2.4000000e+01   1.0000000e+00   1.4570000e+03   1.4720000e+03   1.4720000e+03   0.0000000e+00   1.4570000e+03   1.5000000e+01   5.0000000e-01   5.0000000e-01   5.0000000e-01   5.0000000e-01   5.0000000e-01
   2.4000000e+01   1.0000000e+00   3.2200000e+03   3.3170000e+03   3.3170000e+03   1.4720000e+03   1.7480000e+03   9.7000000e+01   5.0000000e-01   5.0000000e-01   5.0000000e-01   5.0000000e-01   5.0000000e-01
   2.4000000e+01   1.0000000e+00   5.2820000e+03   5.3560000e+03   5.3560000e+03   3.3170000e+03   1.9650000e+03   7.4000000e+01   5.0000000e-01   5.0000000e-01   5.0000000e-01   5.0000000e-01   5.0000000e-01
   2.4000000e+01   1.0000000e+00   6.7030000e+03   6.7440000e+03   6.7440000e+03   5.3560000e+03   1.3470000e+03   4.1000000e+01   5.0000000e-01   5.0000000e-01   5.0000000e-01   5.0000000e-01   5.0000000e-01
   2.5000000e+01   1.0000000e+00   1.4320000e+03   1.4910000e+03   1.4910000e+03   0.0000000e+00   1.4320000e+03   5.9000000e+01   5.0000000e-01   5.0000000e-01   5.0000000e-01   5.0000000e-01   5.0000000e-01
   2.5000000e+01   1.0000000e+00   2.2060000e+03   2.3910000e+03   2.3910000e+03   1.4910000e+03   7.1500000e+02   1.8500000e+02   5.0000000e-01   5.0000000e-01   5.0000000e-01   5.0000000e-01   5.0000000e-01
   2.5000000e+01   1.0000000e+00   5.4330000e+03   5.7810000e+03   5.7810000e+03   2.3910000e+03   3.0420000e+03   3.4800000e+02   5.0000000e-01   5.0000000e-01   5.0000000e-01   5.0000000e-01   5.0000000e-01
   2.5000000e+01   1.0000000e+00   5.9890000e+03   6.0590000e+03   6.0590000e+03   5.7810000e+03   2.0800000e+02   7.0000000e+01   5.0000000e-01   5.0000000e-01   5.0000000e-01   5.0000000e-01   5.0000000e-01
   2.6000000e+01   1.0000000e+00   1.9300000e+02   2.6200000e+02   2.6200000e+02   0.0000000e+00   1.9300000e+02   6.9000000e+01   5.0000000e-01   5.0000000e-01   5.0000000e-01   5.0000000e-01   5.0000000e-01
   2.6000000e+01   1.0000000e+00   9.2100000e+02   9.7100000e+02   9.7100000e+02   2.6200000e+02   6.5900000e+02   5.0000000e+01   5.0000000e-01   5.0000000e-01   5.0000000e-01   5.0000000e-01   5.0000000e-01
   2.6000000e+01   1.0000000e+00   2.9830000e+03   3.0020000e+03   3.0020000e+03   9.7100000e+02   2.0120000e+03   1.9000000e+01   5.0000000e-01   5.0000000e-01   5.0000000e-01   5.0000000e-01   5.0000000e-01
   2.6000000e+01   1.0000000e+00   3.4940000e+03   3.5980000e+03   3.5980000e+03   3.0020000e+03   4.9200000e+02   1.0400000e+02   5.0000000e-01   5.0000000e-01   5.0000000e-01   5.0000000e-01   5.0000000e-01
   2.6000000e+01   1.0000000e+00   3.9180000e+03   4.0250000e+03   4.0250000e+03   3.5980000e+03   3.2000000e+02   1.0700000e+02   5.0000000e-01   5.0000000e-01   5.0000000e-01   5.0000000e-01   5.0000000e-01
   2.6000000e+01   1.0000000e+00   4.5330000e+03   4.5360000e+03   4.5360000e+03   4.0250000e+03   5.0800000e+02   3.0000000e+00   5.0000000e-01   5.0000000e-01   5.0000000e-01   5.0000000e-01   5.0000000e-01
   2.6000000e+01   1.0000000e+00   6.2790000e+03   6.2920000e+03   6.2920000e+03   4.5360000e+03   1.7430000e+03   1.3000000e+01   5.0000000e-01   5.0000000e-01   5.0000000e-01   5.0000000e-01   5.0000000e-01
   2.6000000e+01   1.0000000e+00   7.7590000e+03   7.8590000e+03   7.8590000e+03   6.2920000e+03   1.4670000e+03   1.0000000e+02   5.0000000e-01   5.0000000e-01   5.0000000e-01   5.0000000e-01   5.0000000e-01
   2.7000000e+01   1.0000000e+00   3.3800000e+02   5.0100000e+02   5.0100000e+02   0.0000000e+00   3.3800000e+02   1.6300000e+02   5.0000000e-01   5.0000000e-01   5.0000000e-01   5.0000000e-01   5.0000000e-01
   2.7000000e+01   1.0000000e+00   9.1400000e+02   9.2000000e+02   9.2000000e+02   5.0100000e+02   4.1300000e+02   6.0000000e+00   5.0000000e-01   5.0000000e-01   5.0000000e-01   5.0000000e-01   5.0000000e-01
   2.7000000e+01   1.0000000e+00   5.1630000e+03   5.1700000e+03   5.1700000e+03   9.2000000e+02   4.2430000e+03   7.0000000e+00   5.0000000e-01   5.0000000e-01   5.0000000e-01   5.0000000e-01   5.0000000e-01
   2.7000000e+01   1.0000000e+00   6.1720000e+03   6.1790000e+03   6.1790000e+03   5.1700000e+03   1.0020000e+03   7.0000000e+00   5.0000000e-01   5.0000000e-01   5.0000000e-01   5.0000000e-01   5.0000000e-01
   2.7000000e+01   1.0000000e+00   7.1230000e+03   7.1420000e+03   7.1420000e+03   6.1790000e+03   9.4400000e+02   1.9000000e+01   5.0000000e-01   5.0000000e-01   5.0000000e-01   5.0000000e-01   5.0000000e-01
   2.7000000e+01   1.0000000e+00   7.6140000e+03   7.6230000e+03   7.6230000e+03   7.1420000e+03   4.7200000e+02   9.0000000e+00   5.0000000e-01   5.0000000e-01   5.0000000e-01   5.0000000e-01   5.0000000e-01
   2.8000000e+01   1.0000000e+00   3.7100000e+02   3.9600000e+02   3.9600000e+02   0.0000000e+00   3.7100000e+02   2.5000000e+01   5.0000000e-01   5.0000000e-01   5.0000000e-01   5.0000000e-01   5.0000000e-01
   2.8000000e+01   1.0000000e+00   7.4900000e+02   7.5600000e+02   7.5600000e+02   3.9600000e+02   3.5300000e+02   7.0000000e+00   5.0000000e-01   5.0000000e-01   5.0000000e-01   5.0000000e-01   5.0000000e-01
   2.8000000e+01   1.0000000e+00   2.3140000e+03   2.3630000e+03   2.3630000e+03   7.5600000e+02   1.5580000e+03   4.9000000e+01   5.0000000e-01   5.0000000e-01   5.0000000e-01   5.0000000e-01   5.0000000e-01
   2.8000000e+01   1.0000000e+00   3.2950000e+03   3.4660000e+03   3.4660000e+03   2.3630000e+03   9.3200000e+02   1.7100000e+02   5.0000000e-01   5.0000000e-01   5.0000000e-01   5.0000000e-01   5.0000000e-01
   2.8000000e+01   1.0000000e+00   3.7800000e+03   3.8000000e+03   3.8000000e+03   3.4660000e+03   3.1400000e+02   2.0000000e+01   5.0000000e-01   5.0000000e-01   5.0000000e-01   5.0000000e-01   5.0000000e-01
   2.8000000e+01   1.0000000e+00   5.4020000e+03   5.4230000e+03   5.4230000e+03   3.8000000e+03   1.6020000e+03   2.1000000e+01   5.0000000e-01   5.0000000e-01   5.0000000e-01   5.0000000e-01   5.0000000e-01
   2.8000000e+01   1.0000000e+00   5.7040000e+03   5.7660000e+03   5.7660000e+03   5.4230000e+03   2.8100000e+02   6.2000000e+01   5.0000000e-01   5.0000000e-01   5.0000000e-01   5.0000000e-01   5.0000000e-01
   2.8000000e+01   1.0000000e+00   6.3470000e+03   6.3710000e+03   6.3710000e+03   5.7660000e+03   5.8100000e+02   2.4000000e+01   5.0000000e-01   5.0000000e-01   5.0000000e-01   5.0000000e-01   5.0000000e-01
   2.8000000e+01   1.0000000e+00   7.2190000e+03   7.2460000e+03   7.2460000e+03   6.3710000e+03   8.4800000e+02   2.7000000e+01   5.0000000e-01   5.0000000e-01   5.0000000e-01   5.0000000e-01   5.0000000e-01
   2.9000000e+01   1.0000000e+00   5.4420000e+03   5.7530000e+03   5.7530000e+03   0.0000000e+00   5.4420000e+03   3.1100000e+02   5.0000000e-01   5.0000000e-01   5.0000000e-01   5.0000000e-01   5.0000000e-01
   3.0000000e+01   1.0000000e+00   1.4840000e+03   1.4920000e+03   1.4920000e+03   0.0000000e+00   1.4840000e+03   8.0000000e+00   5.0000000e-01   5.0000000e-01   5.0000000e-01   5.0000000e-01   5.0000000e-01
   3.0000000e+01   1.0000000e+00   1.7290000e+03   1.7620000e+03   1.7620000e+03   1.4920000e+03   2.3700000e+02   3.3000000e+01   5.0000000e-01   5.0000000e-01   5.0000000e-01   5.0000000e-01   5.0000000e-01
   3.0000000e+01   1.0000000e+00   3.6410000e+03   3.6660000e+03   3.6660000e+03   1.7620000e+03   1.8790000e+03   2.5000000e+01   5.0000000e-01   5.0000000e-01   5.0000000e-01   5.0000000e-01   5.0000000e-01
   3.1000000e+01   1.0000000e+00   3.7200000e+02   3.9500000e+02   3.9500000e+02   0.0000000e+00   3.7200000e+02   2.3000000e+01   5.0000000e-01   5.0000000e-01   5.0000000e-01   5.0000000e-01   5.0000000e-01
   3.1000000e+01   1.0000000e+00   1.7690000e+03   1.7840000e+03   1.7840000e+03   3.9500000e+02   1.3740000e+03   1.5000000e+01   5.0000000e-01   5.0000000e-01   5.0000000e-01   5.0000000e-01   5.0000000e-01
   3.1000000e+01   1.0000000e+00   3.0160000e+03   3.0370000e+03   3.0370000e+03   1.7840000e+03   1.2320000e+03   2.1000000e+01   5.0000000e-01   5.0000000e-01   5.0000000e-01   5.0000000e-01   5.0000000e-01
   3.1000000e+01   1.0000000e+00   4.0840000e+03   4.0940000e+03   4.0940000e+03   3.0370000e+03   1.0470000e+03   1.0000000e+01   5.0000000e-01   5.0000000e-01   5.0000000e-01   5.0000000e-01   5.0000000e-01
   3.1000000e+01   1.0000000e+00   6.9660000e+03   6.9870000e+03   6.9870000e+03   4.0940000e+03   2.8720000e+03   2.1000000e+01   5.0000000e-01   5.0000000e-01   5.0000000e-01   5.0000000e-01   5.0000000e-01
   3.2000000e+01   1.0000000e+00   2.8100000e+02   3.1700000e+02   3.1700000e+02   0.0000000e+00   2.8100000e+02   3.6000000e+01   5.0000000e-01   5.0000000e-01   5.0000000e-01   5.0000000e-01   5.0000000e-01
   3.2000000e+01   1.0000000e+00   1.3960000e+03   1.4250000e+03   1.4250000e+03   3.1700000e+02   1.0790000e+03   2.9000000e+01   5.0000000e-01   5.0000000e-01   5.0000000e-01   5.0000000e-01   5.0000000e-01
   3.2000000e+01   1.0000000e+00   4.3390000e+03   4.3480000e+03   4.3480000e+03   1.4250000e+03   2.9140000e+03   9.0000000e+00   5.0000000e-01   5.0000000e-01   5.0000000e-01   5.0000000e-01   5.0000000e-01
   3.2000000e+01   1.0000000e+00   4.5590000e+03   4.5870000e+03   4.5870000e+03   4.3480000e+03   2.1100000e+02   2.8000000e+01   5.0000000e-01   5.0000000e-01   5.0000000e-01   5.0000000e-01   5.0000000e-01
   3.3000000e+01   1.0000000e+00   3.6100000e+03   3.7890000e+03   3.7890000e+03   0.0000000e+00   3.6100000e+03   1.7900000e+02   5.0000000e-01   5.0000000e-01   5.0000000e-01   5.0000000e-01   5.0000000e-01
   3.4000000e+01   1.0000000e+00   5.0000000e+01   7.3000000e+01   7.3000000e+01   0.0000000e+00   5.0000000e+01   2.3000000e+01   5.0000000e-01   5.0000000e-01   5.0000000e-01   5.0000000e-01   5.0000000e-01
   3.4000000e+01   1.0000000e+00   1.8460000e+03   1.8840000e+03   1.8840000e+03   7.3000000e+01   1.7730000e+03   3.8000000e+01   5.0000000e-01   5.0000000e-01   5.0000000e-01   5.0000000e-01   5.0000000e-01
   3.4000000e+01   1.0000000e+00   2.7120000e+03   2.7190000e+03   2.7190000e+03   1.8840000e+03   8.2800000e+02   7.0000000e+00   5.0000000e-01   5.0000000e-01   5.0000000e-01   5.0000000e-01   5.0000000e-01
   3.4000000e+01   1.0000000e+00   3.7900000e+03   3.8070000e+03   3.8070000e+03   2.7190000e+03   1.0710000e+03   1.7000000e+01   5.0000000e-01   5.0000000e-01   5.0000000e-01   5.0000000e-01   5.0000000e-01
   3.4000000e+01   1.0000000e+00   4.1060000e+03   4.1210000e+03   4.1210000e+03   3.8070000e+03   2.9900000e+02   1.5000000e+01   5.0000000e-01   5.0000000e-01   5.0000000e-01   5.0000000e-01   5.0000000e-01
   3.4000000e+01   1.0000000e+00   5.2940000e+03   5.3350000e+03   5.3350000e+03   4.1210000e+03   1.1730000e+03   4.1000000e+01   5.0000000e-01   5.0000000e-01   5.0000000e-01   5.0000000e-01   5.0000000e-01
   3.4000000e+01   1.0000000e+00   6.1050000e+03   6.1330000e+03   6.1330000e+03   5.3350000e+03   7.7000000e+02   2.8000000e+01   5.0000000e-01   5.0000000e-01   5.0000000e-01   5.0000000e-01   5.0000000e-01
   3.4000000e+01   1.0000000e+00   7.0310000e+03   7.0610000e+03   7.0610000e+03   6.1330000e+03   8.9800000e+02   3.0000000e+01   5.0000000e-01   5.0000000e-01   5.0000000e-01   5.0000000e-01   5.0000000e-01
   3.4000000e+01   1.0000000e+00   7.5150000e+03   7.5440000e+03   7.5440000e+03   7.0610000e+03   4.5400000e+02   2.9000000e+01   5.0000000e-01   5.0000000e-01   5.0000000e-01   5.0000000e-01   5.0000000e-01
   3.5000000e+01   1.0000000e+00   2.3910000e+03   2.4750000e+03   2.4750000e+03   0.0000000e+00   2.3910000e+03   8.4000000e+01   5.0000000e-01   5.0000000e-01   5.0000000e-01   5.0000000e-01   5.0000000e-01
   3.5000000e+01   1.0000000e+00   3.2260000e+03   3.2310000e+03   3.2310000e+03   2.4750000e+03   7.5100000e+02   5.0000000e+00   5.0000000e-01   5.0000000e-01   5.0000000e-01   5.0000000e-01   5.0000000e-01
   3.5000000e+01   1.0000000e+00   3.6440000e+03   3.6830000e+03   3.6830000e+03   3.2310000e+03   4.1300000e+02   3.9000000e+01   5.0000000e-01   5.0000000e-01   5.0000000e-01   5.0000000e-01   5.0000000e-01
   3.5000000e+01   1.0000000e+00   7.6900000e+03   7.7850000e+03   7.7850000e+03   3.6830000e+03   4.0070000e+03   9.5000000e+01   5.0000000e-01   5.0000000e-01   5.0000000e-01   5.0000000e-01   5.0000000e-01
   3.6000000e+01   1.0000000e+00   1.1080000e+03   1.1390000e+03   1.1390000e+03   0.0000000e+00   1.1080000e+03   3.1000000e+01   5.0000000e-01   5.0000000e-01   5.0000000e-01   5.0000000e-01   5.0000000e-01
   3.6000000e+01   1.0000000e+00   2.6800000e+03   2.7470000e+03   2.7470000e+03   1.1390000e+03   1.5410000e+03   6.7000000e+01   5.0000000e-01   5.0000000e-01   5.0000000e-01   5.0000000e-01   5.0000000e-01
   3.6000000e+01   1.0000000e+00   3.0170000e+03   3.0730000e+03   3.0730000e+03   2.7470000e+03   2.7000000e+02   5.6000000e+01   5.0000000e-01   5.0000000e-01   5.0000000e-01   5.0000000e-01   5.0000000e-01
   3.7000000e+01   1.0000000e+00   4.9800000e+02   5.0600000e+02   5.0600000e+02   0.0000000e+00   4.9800000e+02   8.0000000e+00   5.0000000e-01   5.0000000e-01   5.0000000e-01   5.0000000e-01   5.0000000e-01
   3.7000000e+01   1.0000000e+00   1.1680000e+03   1.2070000e+03   1.2070000e+03   5.0600000e+02   6.6200000e+02   3.9000000e+01   5.0000000e-01   5.0000000e-01   5.0000000e-01   5.0000000e-01   5.0000000e-01
   3.7000000e+01   1.0000000e+00   1.9190000e+03   2.1960000e+03   2.1960000e+03   1.2070000e+03   7.1200000e+02   2.7700000e+02   5.0000000e-01   5.0000000e-01   5.0000000e-01   5.0000000e-01   5.0000000e-01
   3.8000000e+01   1.0000000e+00   2.7880000e+03   2.9340000e+03   2.9340000e+03   0.0000000e+00   2.7880000e+03   1.4600000e+02   5.0000000e-01   5.0000000e-01   5.0000000e-01   5.0000000e-01   5.0000000e-01
   3.8000000e+01   1.0000000e+00   6.7300000e+03   6.7380000e+03   6.7380000e+03   2.9340000e+03   3.7960000e+03   8.0000000e+00   5.0000000e-01   5.0000000e-01   5.0000000e-01   5.0000000e-01   5.0000000e-01
   3.9000000e+01   1.0000000e+00   2.9040000e+03   2.9110000e+03   2.9110000e+03   0.0000000e+00   2.9040000e+03   7.0000000e+00   5.0000000e-01   5.0000000e-01   5.0000000e-01   5.0000000e-01   5.0000000e-01
   3.9000000e+01   1.0000000e+00   4.7040000e+03   4.8020000e+03   4.8020000e+03   2.9110000e+03   1.7930000e+03   9.8000000e+01   5.0000000e-01   5.0000000e-01   5.0000000e-01   5.0000000e-01   5.0000000e-01
   4.0000000e+01   1.0000000e+00   3.1970000e+03   3.3330000e+03   3.3330000e+03   0.0000000e+00   3.1970000e+03   1.3600000e+02   5.0000000e-01   5.0000000e-01   5.0000000e-01   5.0000000e-01   5.0000000e-01
   4.0000000e+01   1.0000000e+00   5.6490000e+03   5.6550000e+03   5.6550000e+03   3.3330000e+03   2.3160000e+03   6.0000000e+00   5.0000000e-01   5.0000000e-01   5.0000000e-01   5.0000000e-01   5.0000000e-01
   4.0000000e+01   1.0000000e+00   6.7190000e+03   6.7220000e+03   6.7220000e+03   5.6550000e+03   1.0640000e+03   3.0000000e+00   5.0000000e-01   5.0000000e-01   5.0000000e-01   5.0000000e-01   5.0000000e-01
   4.1000000e+01   1.0000000e+00   2.1210000e+03   2.1360000e+03   2.1360000e+03   0.0000000e+00   2.1210000e+03   1.5000000e+01   5.0000000e-01   5.0000000e-01   5.0000000e-01   5.0000000e-01   5.0000000e-01
   4.1000000e+01   1.0000000e+00   5.2590000e+03   5.5810000e+03   5.5810000e+03   2.1360000e+03   3.1230000e+03   3.2200000e+02   5.0000000e-01   5.0000000e-01   5.0000000e-01   5.0000000e-01   5.0000000e-01
   4.3000000e+01   1.0000000e+00   2.2900000e+02   2.9400000e+02   2.9400000e+02   0.0000000e+00   2.2900000e+02   6.5000000e+01   5.0000000e-01   5.0000000e-01   5.0000000e-01   5.0000000e-01   5.0000000e-01
   4.3000000e+01   1.0000000e+00   1.3770000e+03   1.4460000e+03   1.4460000e+03   2.9400000e+02   1.0830000e+03   6.9000000e+01   5.0000000e-01   5.0000000e-01   5.0000000e-01   5.0000000e-01   5.0000000e-01
   4.3000000e+01   1.0000000e+00   1.6370000e+03   1.6560000e+03   1.6560000e+03   1.4460000e+03   1.9100000e+02   1.9000000e+01   5.0000000e-01   5.0000000e-01   5.0000000e-01   5.0000000e-01   5.0000000e-01
   4.3000000e+01   1.0000000e+00   2.0910000e+03   2.1040000e+03   2.1040000e+03   1.6560000e+03   4.3500000e+02   1.3000000e+01   5.0000000e-01   5.0000000e-01   5.0000000e-01   5.0000000e-01   5.0000000e-01
   4.3000000e+01   1.0000000e+00   2.6250000e+03   2.6820000e+03   2.6820000e+03   2.1040000e+03   5.2100000e+02   5.7000000e+01   5.0000000e-01   5.0000000e-01   5.0000000e-01   5.0000000e-01   5.0000000e-01
   4.3000000e+01   1.0000000e+00   3.0820000e+03   3.1040000e+03   3.1040000e+03   2.6820000e+03   4.0000000e+02   2.2000000e+01   5.0000000e-01   5.0000000e-01   5.0000000e-01   5.0000000e-01   5.0000000e-01
   4.3000000e+01   1.0000000e+00   3.3080000e+03   3.3150000e+03   3.3150000e+03   3.1040000e+03   2.0400000e+02   7.0000000e+00   5.0000000e-01   5.0000000e-01   5.0000000e-01   5.0000000e-01   5.0000000e-01
   4.3000000e+01   1.0000000e+00   3.5560000e+03   3.5940000e+03   3.5940000e+03   3.3150000e+03   2.4100000e+02   3.8000000e+01   5.0000000e-01   5.0000000e-01   5.0000000e-01   5.0000000e-01   5.0000000e-01
   4.3000000e+01   1.0000000e+00   4.0300000e+03   4.0550000e+03   4.0550000e+03   3.5940000e+03   4.3600000e+02   2.5000000e+01   5.0000000e-01   5.0000000e-01   5.0000000e-01   5.0000000e-01   5.0000000e-01
   4.3000000e+01   1.0000000e+00   4.3300000e+03   4.4190000e+03   4.4190000e+03   4.0550000e+03   2.7500000e+02   8.9000000e+01   5.0000000e-01   5.0000000e-01   5.0000000e-01   5.0000000e-01   5.0000000e-01
   4.3000000e+01   1.0000000e+00   4.4650000e+03   4.5010000e+03   4.5010000e+03   4.4190000e+03   4.6000000e+01   3.6000000e+01   5.0000000e-01   5.0000000e-01   5.0000000e-01   5.0000000e-01   5.0000000e-01
   4.3000000e+01   1.0000000e+00   5.5560000e+03   5.5700000e+03   5.5700000e+03   4.5010000e+03   1.0550000e+03   1.4000000e+01   5.0000000e-01   5.0000000e-01   5.0000000e-01   5.0000000e-01   5.0000000e-01
   4.3000000e+01   1.0000000e+00   6.6970000e+03   6.7050000e+03   6.7050000e+03   5.5700000e+03   1.1270000e+03   8.0000000e+00   5.0000000e-01   5.0000000e-01   5.0000000e-01   5.0000000e-01   5.0000000e-01
   4.3000000e+01   1.0000000e+00   6.7350000e+03   6.8350000e+03   6.8350000e+03   6.7050000e+03   3.0000000e+01   1.0000000e+02   5.0000000e-01   5.0000000e-01   5.0000000e-01   5.0000000e-01   5.0000000e-01
   4.3000000e+01   1.0000000e+00   7.3150000e+03   7.4130000e+03   7.4130000e+03   6.8350000e+03   4.8000000e+02   9.8000000e+01   5.0000000e-01   5.0000000e-01   5.0000000e-01   5.0000000e-01   5.0000000e-01
   4.3000000e+01   1.0000000e+00   7.8330000e+03   7.8380000e+03   7.8380000e+03   7.4130000e+03   4.2000000e+02   5.0000000e+00   5.0000000e-01   5.0000000e-01   5.0000000e-01   5.0000000e-01   5.0000000e-01
   4.4000000e+01   1.0000000e+00   2.6400000e+02   2.8500000e+02   2.8500000e+02   0.0000000e+00   2.6400000e+02   2.1000000e+01   5.0000000e-01   5.0000000e-01   5.0000000e-01   5.0000000e-01   5.0000000e-01
   4.4000000e+01   1.0000000e+00   1.5970000e+03   1.6100000e+03   1.6100000e+03   2.8500000e+02   1.3120000e+03   1.3000000e+01   5.0000000e-01   5.0000000e-01   5.0000000e-01   5.0000000e-01   5.0000000e-01
   4.4000000e+01   1.0000000e+00   1.7330000e+03   1.7380000e+03   1.7380000e+03   1.6100000e+03   1.2300000e+02   5.0000000e+00   5.0000000e-01   5.0000000e-01   5.0000000e-01   5.0000000e-01   5.0000000e-01
   4.4000000e+01   1.0000000e+00   1.8420000e+03   1.8630000e+03   1.8630000e+03   1.7380000e+03   1.0400000e+02   2.1000000e+01   5.0000000e-01   5.0000000e-01   5.0000000e-01   5.0000000e-01   5.0000000e-01
   4.4000000e+01   1.0000000e+00   3.5150000e+03   3.5620000e+03   3.5620000e+03   1.8630000e+03   1.6520000e+03   4.7000000e+01   5.0000000e-01   5.0000000e-01   5.0000000e-01   5.0000000e-01   5.0000000e-01
   4.4000000e+01   1.0000000e+00   3.6940000e+03   3.7370000e+03   3.7370000e+03   3.5620000e+03   1.3200000e+02   4.3000000e+01   5.0000000e-01   5.0000000e-01   5.0000000e-01   5.0000000e-01   5.0000000e-01
   4.4000000e+01   1.0000000e+00   4.0070000e+03   4.0720000e+03   4.0720000e+03   3.7370000e+03   2.7000000e+02   6.5000000e+01   5.0000000e-01   5.0000000e-01   5.0000000e-01   5.0000000e-01   5.0000000e-01
   4.4000000e+01   1.0000000e+00   4.8420000e+03   4.8540000e+03   4.8540000e+03   4.0720000e+03   7.7000000e+02   1.2000000e+01   5.0000000e-01   5.0000000e-01   5.0000000e-01   5.0000000e-01   5.0000000e-01
   4.4000000e+01   1.0000000e+00   5.1130000e+03   5.1400000e+03   5.1400000e+03   4.8540000e+03   2.5900000e+02   2.7000000e+01   5.0000000e-01   5.0000000e-01   5.0000000e-01   5.0000000e-01   5.0000000e-01
   4.4000000e+01   1.0000000e+00   5.2300000e+03   5.2740000e+03   5.2740000e+03   5.1400000e+03   9.0000000e+01   4.4000000e+01   5.0000000e-01   5.0000000e-01   5.0000000e-01   5.0000000e-01   5.0000000e-01
   4.4000000e+01   1.0000000e+00   7.4290000e+03   7.4390000e+03   7.4390000e+03   5.2740000e+03   2.1550000e+03   1.0000000e+01   5.0000000e-01   5.0000000e-01   5.0000000e-01   5.0000000e-01   5.0000000e-01
   4.5000000e+01   1.0000000e+00   7.8300000e+02   8.1700000e+02   8.1700000e+02   0.0000000e+00   7.8300000e+02   3.4000000e+01   5.0000000e-01   5.0000000e-01   5.0000000e-01   5.0000000e-01   5.0000000e-01
   4.5000000e+01   1.0000000e+00   1.1240000e+03   1.1690000e+03   1.1690000e+03   8.1700000e+02   3.0700000e+02   4.5000000e+01   5.0000000e-01   5.0000000e-01   5.0000000e-01   5.0000000e-01   5.0000000e-01
   4.5000000e+01   1.0000000e+00   1.6330000e+03   1.7290000e+03   1.7290000e+03   1.1690000e+03   4.6400000e+02   9.6000000e+01   5.0000000e-01   5.0000000e-01   5.0000000e-01   5.0000000e-01   5.0000000e-01
   4.5000000e+01   1.0000000e+00   3.3240000e+03   3.3320000e+03   3.3320000e+03   1.7290000e+03   1.5950000e+03   8.0000000e+00   5.0000000e-01   5.0000000e-01   5.0000000e-01   5.0000000e-01   5.0000000e-01
   4.5000000e+01   1.0000000e+00   5.6790000e+03   5.7240000e+03   5.7240000e+03   3.3320000e+03   2.3470000e+03   4.5000000e+01   5.0000000e-01   5.0000000e-01   5.0000000e-01   5.0000000e-01   5.0000000e-01
   4.5000000e+01   1.0000000e+00   6.0740000e+03   6.0920000e+03   6.0920000e+03   5.7240000e+03   3.5000000e+02   1.8000000e+01   5.0000000e-01   5.0000000e-01   5.0000000e-01   5.0000000e-01   5.0000000e-01
   4.5000000e+01   1.0000000e+00   6.3680000e+03   6.4400000e+03   6.4400000e+03   6.0920000e+03   2.7600000e+02   7.2000000e+01   5.0000000e-01   5.0000000e-01   5.0000000e-01   5.0000000e-01   5.0000000e-01
   4.6000000e+01   1.0000000e+00   2.2500000e+02   2.4300000e+02   2.4300000e+02   0.0000000e+00   2.2500000e+02   1.8000000e+01   5.0000000e-01   5.0000000e-01   5.0000000e-01   5.0000000e-01   5.0000000e-01
   4.6000000e+01   1.0000000e+00   1.5650000e+03   1.6000000e+03   1.6000000e+03   2.4300000e+02   1.3220000e+03   3.5000000e+01   5.0000000e-01   5.0000000e-01   5.0000000e-01   5.0000000e-01   5.0000000e-01
   4.6000000e+01   1.0000000e+00   2.2900000e+03   2.4060000e+03   2.4060000e+03   1.6000000e+03   6.9000000e+02   1.1600000e+02   5.0000000e-01   5.0000000e-01   5.0000000e-01   5.0000000e-01   5.0000000e-01
   4.6000000e+01   1.0000000e+00   3.3120000e+03   3.3250000e+03   3.3250000e+03   2.4060000e+03   9.0600000e+02   1.3000000e+01   5.0000000e-01   5.0000000e-01   5.0000000e-01   5.0000000e-01   5.0000000e-01
   4.6000000e+01   1.0000000e+00   3.3820000e+03   3.3980000e+03   3.3980000e+03   3.3250000e+03   5.7000000e+01   1.6000000e+01   5.0000000e-01   5.0000000e-01   5.0000000e-01   5.0000000e-01   5.0000000e-01
   4.6000000e+01   1.0000000e+00   4.7440000e+03   4.7550000e+03   4.7550000e+03   3.3980000e+03   1.3460000e+03   1.1000000e+01   5.0000000e-01   5.0000000e-01   5.0000000e-01   5.0000000e-01   5.0000000e-01
   4.6000000e+01   1.0000000e+00   7.6370000e+03   7.6640000e+03   7.6640000e+03   4.7550000e+03   2.8820000e+03   2.7000000e+01   5.0000000e-01   5.0000000e-01   5.0000000e-01   5.0000000e-01   5.0000000e-01
   4.7000000e+01   1.0000000e+00   1.4730000e+03   1.5100000e+03   1.5100000e+03   0.0000000e+00   1.4730000e+03   3.7000000e+01   5.0000000e-01   5.0000000e-01   5.0000000e-01   5.0000000e-01   5.0000000e-01
   4.7000000e+01   1.0000000e+00   2.1630000e+03   2.1870000e+03   2.1870000e+03   1.5100000e+03   6.5300000e+02   2.4000000e+01   5.0000000e-01   5.0000000e-01   5.0000000e-01   5.0000000e-01   5.0000000e-01
   4.7000000e+01   1.0000000e+00   2.5470000e+03   2.6190000e+03   2.6190000e+03   2.1870000e+03   3.6000000e+02   7.2000000e+01   5.0000000e-01   5.0000000e-01   5.0000000e-01   5.0000000e-01   5.0000000e-01
   4.7000000e+01   1.0000000e+00   4.2360000e+03   4.2480000e+03   4.2480000e+03   2.6190000e+03   1.6170000e+03   1.2000000e+01   5.0000000e-01   5.0000000e-01   5.0000000e-01   5.0000000e-01   5.0000000e-01
   4.7000000e+01   1.0000000e+00   4.8020000e+03   4.8380000e+03   4.8380000e+03   4.2480000e+03   5.5400000e+02   3.6000000e+01   5.0000000e-01   5.0000000e-01   5.0000000e-01   5.0000000e-01   5.0000000e-01
   4.7000000e+01   1.0000000e+00   5.6300000e+03   5.6860000e+03   5.6860000e+03   4.8380000e+03   7.9200000e+02   5.6000000e+01   5.0000000e-01   5.0000000e-01   5.0000000e-01   5.0000000e-01   5.0000000e-01
   4.7000000e+01   1.0000000e+00   7.2380000e+03   7.2470000e+03   7.2470000e+03   5.6860000e+03   1.5520000e+03   9.0000000e+00   5.0000000e-01   5.0000000e-01   5.0000000e-01   5.0000000e-01   5.0000000e-01
   4.7000000e+01   1.0000000e+00   7.3990000e+03   7.4020000e+03   7.4020000e+03   7.2470000e+03   1.5200000e+02   3.0000000e+00   5.0000000e-01   5.0000000e-01   5.0000000e-01   5.0000000e-01   5.0000000e-01
   4.7000000e+01   1.0000000e+00   7.8280000e+03   7.8380000e+03   7.8380000e+03   7.4020000e+03   4.2600000e+02   1.0000000e+01   5.0000000e-01   5.0000000e-01   5.0000000e-01   5.0000000e-01   5.0000000e-01
   4.8000000e+01   1.0000000e+00   7.7500000e+02   7.8000000e+02   7.8000000e+02   0.0000000e+00   7.7500000e+02   5.0000000e+00   5.0000000e-01   5.0000000e-01   5.0000000e-01   5.0000000e-01   5.0000000e-01
   4.8000000e+01   1.0000000e+00   1.2730000e+03   1.2940000e+03   1.2940000e+03   7.8000000e+02   4.9300000e+02   2.1000000e+01   5.0000000e-01   5.0000000e-01   5.0000000e-01   5.0000000e-01   5.0000000e-01
   4.8000000e+01   1.0000000e+00   2.7680000e+03   2.8350000e+03   2.8350000e+03   1.2940000e+03   1.4740000e+03   6.7000000e+01   5.0000000e-01   5.0000000e-01   5.0000000e-01   5.0000000e-01   5.0000000e-01
   4.8000000e+01   1.0000000e+00   2.9620000e+03   3.0360000e+03   3.0360000e+03   2.8350000e+03   1.2700000e+02   7.4000000e+01   5.0000000e-01   5.0000000e-01   5.0000000e-01   5.0000000e-01   5.0000000e-01
   4.8000000e+01   1.0000000e+00   5.0810000e+03   5.1080000e+03   5.1080000e+03   3.0360000e+03   2.0450000e+03   2.7000000e+01   5.0000000e-01   5.0000000e-01   5.0000000e-01   5.0000000e-01   5.0000000e-01
   4.8000000e+01   1.0000000e+00   6.9680000e+03   6.9820000e+03   6.9820000e+03   5.1080000e+03   1.8600000e+03   1.4000000e+01   5.0000000e-01   5.0000000e-01   5.0000000e-01   5.0000000e-01   5.0000000e-01
   4.9000000e+01   1.0000000e+00   1.6950000e+03   1.7080000e+03   1.7080000e+03   0.0000000e+00   1.6950000e+03   1.3000000e+01   5.0000000e-01   5.0000000e-01   5.0000000e-01   5.0000000e-01   5.0000000e-01
   4.9000000e+01   1.0000000e+00   2.9960000e+03   3.0400000e+03   3.0400000e+03   1.7080000e+03   1.2880000e+03   4.4000000e+01   5.0000000e-01   5.0000000e-01   5.0000000e-01   5.0000000e-01   5.0000000e-01
   4.9000000e+01   1.0000000e+00   3.2680000e+03   3.2750000e+03   3.2750000e+03   3.0400000e+03   2.2800000e+02   7.0000000e+00   5.0000000e-01   5.0000000e-01   5.0000000e-01   5.0000000e-01   5.0000000e-01
   4.9000000e+01   1.0000000e+00   4.1990000e+03   4.2090000e+03   4.2090000e+03   3.2750000e+03   9.2400000e+02   1.0000000e+01   5.0000000e-01   5.0000000e-01   5.0000000e-01   5.0000000e-01   5.0000000e-01
   4.9000000e+01   1.0000000e+00   4.2630000e+03   4.2680000e+03   4.2680000e+03   4.2090000e+03   5.4000000e+01   5.0000000e+00   5.0000000e-01   5.0000000e-01   5.0000000e-01   5.0000000e-01   5.0000000e-01
   4.9000000e+01   1.0000000e+00   4.4640000e+03   4.4740000e+03   4.4740000e+03   4.2680000e+03   1.9600000e+02   1.0000000e+01   5.0000000e-01   5.0000000e-01   5.0000000e-01   5.0000000e-01   5.0000000e-01
   4.9000000e+01   1.0000000e+00   5.4240000e+03   5.4400000e+03   5.4400000e+03   4.4740000e+03   9.5000000e+02   1.6000000e+01   5.0000000e-01   5.0000000e-01   5.0000000e-01   5.0000000e-01   5.0000000e-01
   4.9000000e+01   1.0000000e+00   6.2170000e+03   6.2230000e+03   6.2230000e+03   5.4400000e+03   7.7700000e+02   6.0000000e+00   5.0000000e-01   5.0000000e-01   5.0000000e-01   5.0000000e-01   5.0000000e-01
   4.9000000e+01   1.0000000e+00   7.0930000e+03   7.1490000e+03   7.1490000e+03   6.2230000e+03   8.7000000e+02   5.6000000e+01   5.0000000e-01   5.0000000e-01   5.0000000e-01   5.0000000e-01   5.0000000e-01
   5.0000000e+01   1.0000000e+00   1.5900000e+02   1.6700000e+02   1.6700000e+02   0.0000000e+00   1.5900000e+02   8.0000000e+00   5.0000000e-01   5.0000000e-01   5.0000000e-01   5.0000000e-01   5.0000000e-01
   5.0000000e+01   1.0000000e+00   8.9500000e+02   9.1200000e+02   9.1200000e+02   1.6700000e+02   7.2800000e+02   1.7000000e+01   5.0000000e-01   5.0000000e-01   5.0000000e-01   5.0000000e-01   5.0000000e-01
   5.0000000e+01   1.0000000e+00   1.7250000e+03   1.7690000e+03   1.7690000e+03   9.1200000e+02   8.1300000e+02   4.4000000e+01   5.0000000e-01   5.0000000e-01   5.0000000e-01   5.0000000e-01   5.0000000e-01
   5.0000000e+01   1.0000000e+00   2.7890000e+03   2.8320000e+03   2.8320000e+03   1.7690000e+03   1.0200000e+03   4.3000000e+01   5.0000000e-01   5.0000000e-01   5.0000000e-01   5.0000000e-01   5.0000000e-01
   5.0000000e+01   1.0000000e+00   5.9690000e+03   6.0050000e+03   6.0050000e+03   2.8320000e+03   3.1370000e+03   3.6000000e+01   5.0000000e-01   5.0000000e-01   5.0000000e-01   5.0000000e-01   5.0000000e-01
   5.0000000e+01   1.0000000e+00   6.5900000e+03   6.6160000e+03   6.6160000e+03   6.0050000e+03   5.8500000e+02   2.6000000e+01   5.0000000e-01   5.0000000e-01   5.0000000e-01   5.0000000e-01   5.0000000e-01
   5.0000000e+01   1.0000000e+00   6.7030000e+03   6.7400000e+03   6.7400000e+03   6.6160000e+03   8.7000000e+01   3.7000000e+01   5.0000000e-01   5.0000000e-01   5.0000000e-01   5.0000000e-01   5.0000000e-01
   5.1000000e+01   1.0000000e+00   2.9800000e+02   3.0900000e+02   3.0900000e+02   0.0000000e+00   2.9800000e+02   1.1000000e+01   5.0000000e-01   5.0000000e-01   5.0000000e-01   5.0000000e-01   5.0000000e-01
   5.1000000e+01   1.0000000e+00   8.1200000e+02   8.5700000e+02   8.5700000e+02   3.0900000e+02   5.0300000e+02   4.5000000e+01   5.0000000e-01   5.0000000e-01   5.0000000e-01   5.0000000e-01   5.0000000e-01
   5.1000000e+01   1.0000000e+00   2.0370000e+03   2.1150000e+03   2.1150000e+03   8.5700000e+02   1.1800000e+03   7.8000000e+01   5.0000000e-01   5.0000000e-01   5.0000000e-01   5.0000000e-01   5.0000000e-01
   5.1000000e+01   1.0000000e+00   5.4000000e+03   5.4090000e+03   5.4090000e+03   2.1150000e+03   3.2850000e+03   9.0000000e+00   5.0000000e-01   5.0000000e-01   5.0000000e-01   5.0000000e-01   5.0000000e-01
   5.2000000e+01   1.0000000e+00   1.6400000e+02   1.7400000e+02   1.7400000e+02   0.0000000e+00   1.6400000e+02   1.0000000e+01   5.0000000e-01   5.0000000e-01   5.0000000e-01   5.0000000e-01   5.0000000e-01
   5.2000000e+01   1.0000000e+00   1.2960000e+03   1.3040000e+03   1.3040000e+03   1.7400000e+02   1.1220000e+03   8.0000000e+00   5.0000000e-01   5.0000000e-01   5.0000000e-01   5.0000000e-01   5.0000000e-01
   5.2000000e+01   1.0000000e+00   1.5970000e+03   1.6100000e+03   1.6100000e+03   1.3040000e+03   2.9300000e+02   1.3000000e+01   5.0000000e-01   5.0000000e-01   5.0000000e-01   5.0000000e-01   5.0000000e-01
   5.2000000e+01   1.0000000e+00   2.0250000e+03   2.2100000e+03   2.2100000e+03   1.6100000e+03   4.1500000e+02   1.8500000e+02   5.0000000e-01   5.0000000e-01   5.0000000e-01   5.0000000e-01   5.0000000e-01
   5.2000000e+01   1.0000000e+00   2.8210000e+03   2.9140000e+03   2.9140000e+03   2.2100000e+03   6.1100000e+02   9.3000000e+01   5.0000000e-01   5.0000000e-01   5.0000000e-01   5.0000000e-01   5.0000000e-01
   5.2000000e+01   1.0000000e+00   5.3400000e+03   5.3590000e+03   5.3590000e+03   2.9140000e+03   2.4260000e+03   1.9000000e+01   5.0000000e-01   5.0000000e-01   5.0000000e-01   5.0000000e-01   5.0000000e-01
   5.3000000e+01   1.0000000e+00   1.3780000e+03   1.4140000e+03   1.4140000e+03   0.0000000e+00   1.3780000e+03   3.6000000e+01   5.0000000e-01   5.0000000e-01   5.0000000e-01   5.0000000e-01   5.0000000e-01
   5.3000000e+01   1.0000000e+00   3.7790000e+03   3.7920000e+03   3.7920000e+03   1.4140000e+03   2.3650000e+03   1.3000000e+01   5.0000000e-01   5.0000000e-01   5.0000000e-01   5.0000000e-01   5.0000000e-01
   5.3000000e+01   1.0000000e+00   4.6190000e+03   4.6310000e+03   4.6310000e+03   3.7920000e+03   8.2700000e+02   1.2000000e+01   5.0000000e-01   5.0000000e-01   5.0000000e-01   5.0000000e-01   5.0000000e-01
   5.3000000e+01   1.0000000e+00   4.7660000e+03   4.7760000e+03   4.7760000e+03   4.6310000e+03   1.3500000e+02   1.0000000e+01   5.0000000e-01   5.0000000e-01   5.0000000e-01   5.0000000e-01   5.0000000e-01
   5.3000000e+01   1.0000000e+00   7.0360000e+03   7.0930000e+03   7.0930000e+03   4.7760000e+03   2.2600000e+03   5.7000000e+01   5.0000000e-01   5.0000000e-01   5.0000000e-01   5.0000000e-01   5.0000000e-01
   5.3000000e+01   1.0000000e+00   7.7170000e+03   7.7890000e+03   7.7890000e+03   7.0930000e+03   6.2400000e+02   7.2000000e+01   5.0000000e-01   5.0000000e-01   5.0000000e-01   5.0000000e-01   5.0000000e-01
   5.4000000e+01   1.0000000e+00   4.0200000e+02   4.1900000e+02   4.1900000e+02   0.0000000e+00   4.0200000e+02   1.7000000e+01   5.0000000e-01   5.0000000e-01   5.0000000e-01   5.0000000e-01   5.0000000e-01
   5.4000000e+01   1.0000000e+00   1.4730000e+03   1.5100000e+03   1.5100000e+03   4.1900000e+02   1.0540000e+03   3.7000000e+01   5.0000000e-01   5.0000000e-01   5.0000000e-01   5.0000000e-01   5.0000000e-01
   5.4000000e+01   1.0000000e+00   2.1620000e+03   2.1870000e+03   2.1870000e+03   1.5100000e+03   6.5200000e+02   2.5000000e+01   5.0000000e-01   5.0000000e-01   5.0000000e-01   5.0000000e-01   5.0000000e-01
   5.4000000e+01   1.0000000e+00   2.5480000e+03   2.6190000e+03   2.6190000e+03   2.1870000e+03   3.6100000e+02   7.1000000e+01   5.0000000e-01   5.0000000e-01   5.0000000e-01   5.0000000e-01   5.0000000e-01
   5.4000000e+01   1.0000000e+00   4.2350000e+03   4.2480000e+03   4.2480000e+03   2.6190000e+03   1.6160000e+03   1.3000000e+01   5.0000000e-01   5.0000000e-01   5.0000000e-01   5.0000000e-01   5.0000000e-01
   5.4000000e+01   1.0000000e+00   4.8020000e+03   4.8380000e+03   4.8380000e+03   4.2480000e+03   5.5400000e+02   3.6000000e+01   5.0000000e-01   5.0000000e-01   5.0000000e-01   5.0000000e-01   5.0000000e-01
   5.4000000e+01   1.0000000e+00   5.6300000e+03   5.6860000e+03   5.6860000e+03   4.8380000e+03   7.9200000e+02   5.6000000e+01   5.0000000e-01   5.0000000e-01   5.0000000e-01   5.0000000e-01   5.0000000e-01
   5.4000000e+01   1.0000000e+00   7.2380000e+03   7.2470000e+03   7.2470000e+03   5.6860000e+03   1.5520000e+03   9.0000000e+00   5.0000000e-01   5.0000000e-01   5.0000000e-01   5.0000000e-01   5.0000000e-01
   5.4000000e+01   1.0000000e+00   7.3990000e+03   7.4020000e+03   7.4020000e+03   7.2470000e+03   1.5200000e+02   3.0000000e+00   5.0000000e-01   5.0000000e-01   5.0000000e-01   5.0000000e-01   5.0000000e-01
   5.4000000e+01   1.0000000e+00   7.8280000e+03   7.8370000e+03   7.8370000e+03   7.4020000e+03   4.2600000e+02   9.0000000e+00   5.0000000e-01   5.0000000e-01   5.0000000e-01   5.0000000e-01   5.0000000e-01
   5.5000000e+01   1.0000000e+00   4.6000000e+01   1.2300000e+02   1.2300000e+02   0.0000000e+00   4.6000000e+01   7.7000000e+01   5.0000000e-01   5.0000000e-01   5.0000000e-01   5.0000000e-01   5.0000000e-01
   5.5000000e+01   1.0000000e+00   6.8200000e+02   6.8500000e+02   6.8500000e+02   1.2300000e+02   5.5900000e+02   3.0000000e+00   5.0000000e-01   5.0000000e-01   5.0000000e-01   5.0000000e-01   5.0000000e-01
   5.5000000e+01   1.0000000e+00   8.3600000e+02   8.5800000e+02   8.5800000e+02   6.8500000e+02   1.5100000e+02   2.2000000e+01   5.0000000e-01   5.0000000e-01   5.0000000e-01   5.0000000e-01   5.0000000e-01
   5.5000000e+01   1.0000000e+00   2.1570000e+03   2.2150000e+03   2.2150000e+03   8.5800000e+02   1.2990000e+03   5.8000000e+01   5.0000000e-01   5.0000000e-01   5.0000000e-01   5.0000000e-01   5.0000000e-01
   5.5000000e+01   1.0000000e+00   2.3430000e+03   2.3660000e+03   2.3660000e+03   2.2150000e+03   1.2800000e+02   2.3000000e+01   5.0000000e-01   5.0000000e-01   5.0000000e-01   5.0000000e-01   5.0000000e-01
   5.5000000e+01   1.0000000e+00   3.8850000e+03   3.9750000e+03   3.9750000e+03   2.3660000e+03   1.5190000e+03   9.0000000e+01   5.0000000e-01   5.0000000e-01   5.0000000e-01   5.0000000e-01   5.0000000e-01
   5.5000000e+01   1.0000000e+00   4.2150000e+03   4.2320000e+03   4.2320000e+03   3.9750000e+03   2.4000000e+02   1.7000000e+01   5.0000000e-01   5.0000000e-01   5.0000000e-01   5.0000000e-01   5.0000000e-01
   5.5000000e+01   1.0000000e+00   4.4780000e+03   4.4890000e+03   4.4890000e+03   4.2320000e+03   2.4600000e+02   1.1000000e+01   5.0000000e-01   5.0000000e-01   5.0000000e-01   5.0000000e-01   5.0000000e-01
   5.5000000e+01   1.0000000e+00   4.9210000e+03   4.9510000e+03   4.9510000e+03   4.4890000e+03   4.3200000e+02   3.0000000e+01   5.0000000e-01   5.0000000e-01   5.0000000e-01   5.0000000e-01   5.0000000e-01
   5.5000000e+01   1.0000000e+00   5.2140000e+03   5.2410000e+03   5.2410000e+03   4.9510000e+03   2.6300000e+02   2.7000000e+01   5.0000000e-01   5.0000000e-01   5.0000000e-01   5.0000000e-01   5.0000000e-01
   5.5000000e+01   1.0000000e+00   6.0450000e+03   6.0750000e+03   6.0750000e+03   5.2410000e+03   8.0400000e+02   3.0000000e+01   5.0000000e-01   5.0000000e-01   5.0000000e-01   5.0000000e-01   5.0000000e-01
   5.5000000e+01   1.0000000e+00   6.2040000e+03   6.2110000e+03   6.2110000e+03   6.0750000e+03   1.2900000e+02   7.0000000e+00   5.0000000e-01   5.0000000e-01   5.0000000e-01   5.0000000e-01   5.0000000e-01
   5.5000000e+01   1.0000000e+00   7.6390000e+03   7.6420000e+03   7.6420000e+03   6.2110000e+03   1.4280000e+03   3.0000000e+00   5.0000000e-01   5.0000000e-01   5.0000000e-01   5.0000000e-01   5.0000000e-01
   5.5000000e+01   1.0000000e+00   7.7490000e+03   7.7560000e+03   7.7560000e+03   7.6420000e+03   1.0700000e+02   7.0000000e+00   5.0000000e-01   5.0000000e-01   5.0000000e-01   5.0000000e-01   5.0000000e-01
   5.6000000e+01   1.0000000e+00   1.0900000e+03   1.0960000e+03   1.0960000e+03   0.0000000e+00   1.0900000e+03   6.0000000e+00   5.0000000e-01   5.0000000e-01   5.0000000e-01   5.0000000e-01   5.0000000e-01
   5.6000000e+01   1.0000000e+00   2.1010000e+03   2.1490000e+03   2.1490000e+03   1.0960000e+03   1.0050000e+03   4.8000000e+01   5.0000000e-01   5.0000000e-01   5.0000000e-01   5.0000000e-01   5.0000000e-01
   5.6000000e+01   1.0000000e+00   2.7150000e+03   2.7840000e+03   2.7840000e+03   2.1490000e+03   5.6600000e+02   6.9000000e+01   5.0000000e-01   5.0000000e-01   5.0000000e-01   5.0000000e-01   5.0000000e-01
   5.6000000e+01   1.0000000e+00   3.3100000e+03   3.3770000e+03   3.3770000e+03   2.7840000e+03   5.2600000e+02   6.7000000e+01   5.0000000e-01   5.0000000e-01   5.0000000e-01   5.0000000e-01   5.0000000e-01
   5.6000000e+01   1.0000000e+00   3.8860000e+03   3.9160000e+03   3.9160000e+03   3.3770000e+03   5.0900000e+02   3.0000000e+01   5.0000000e-01   5.0000000e-01   5.0000000e-01   5.0000000e-01   5.0000000e-01
   5.6000000e+01   1.0000000e+00   5.2430000e+03   5.2730000e+03   5.2730000e+03   3.9160000e+03   1.3270000e+03   3.0000000e+01   5.0000000e-01   5.0000000e-01   5.0000000e-01   5.0000000e-01   5.0000000e-01
   5.6000000e+01   1.0000000e+00   6.1340000e+03   6.1430000e+03   6.1430000e+03   5.2730000e+03   8.6100000e+02   9.0000000e+00   5.0000000e-01   5.0000000e-01   5.0000000e-01   5.0000000e-01   5.0000000e-01
   5.6000000e+01   1.0000000e+00   6.6680000e+03   6.6810000e+03   6.6810000e+03   6.1430000e+03   5.2500000e+02   1.3000000e+01   5.0000000e-01   5.0000000e-01   5.0000000e-01   5.0000000e-01   5.0000000e-01
   5.7000000e+01   1.0000000e+00   4.8000000e+01   5.7000000e+01   5.7000000e+01   0.0000000e+00   4.8000000e+01   9.0000000e+00   5.0000000e-01   5.0000000e-01   5.0000000e-01   5.0000000e-01   5.0000000e-01
   5.7000000e+01   1.0000000e+00   3.5500000e+02   3.8900000e+02   3.8900000e+02   5.7000000e+01   2.9800000e+02   3.4000000e+01   5.0000000e-01   5.0000000e-01   5.0000000e-01   5.0000000e-01   5.0000000e-01
   5.7000000e+01   1.0000000e+00   1.1140000e+03   1.1440000e+03   1.1440000e+03   3.8900000e+02   7.2500000e+02   3.0000000e+01   5.0000000e-01   5.0000000e-01   5.0000000e-01   5.0000000e-01   5.0000000e-01
   5.7000000e+01   1.0000000e+00   1.2550000e+03   1.2930000e+03   1.2930000e+03   1.1440000e+03   1.1100000e+02   3.8000000e+01   5.0000000e-01   5.0000000e-01   5.0000000e-01   5.0000000e-01   5.0000000e-01
   5.7000000e+01   1.0000000e+00   1.5850000e+03   1.6040000e+03   1.6040000e+03   1.2930000e+03   2.9200000e+02   1.9000000e+01   5.0000000e-01   5.0000000e-01   5.0000000e-01   5.0000000e-01   5.0000000e-01
   5.7000000e+01   1.0000000e+00   2.1730000e+03   2.2010000e+03   2.2010000e+03   1.6040000e+03   5.6900000e+02   2.8000000e+01   5.0000000e-01   5.0000000e-01   5.0000000e-01   5.0000000e-01   5.0000000e-01
   5.7000000e+01   1.0000000e+00   3.1370000e+03   3.1440000e+03   3.1440000e+03   2.2010000e+03   9.3600000e+02   7.0000000e+00   5.0000000e-01   5.0000000e-01   5.0000000e-01   5.0000000e-01   5.0000000e-01
   5.7000000e+01   1.0000000e+00   3.9260000e+03   3.9880000e+03   3.9880000e+03   3.1440000e+03   7.8200000e+02   6.2000000e+01   5.0000000e-01   5.0000000e-01   5.0000000e-01   5.0000000e-01   5.0000000e-01
   5.7000000e+01   1.0000000e+00   4.8790000e+03   4.8920000e+03   4.8920000e+03   3.9880000e+03   8.9100000e+02   1.3000000e+01   5.0000000e-01   5.0000000e-01   5.0000000e-01   5.0000000e-01   5.0000000e-01
   5.7000000e+01   1.0000000e+00   4.9210000e+03   4.9330000e+03   4.9330000e+03   4.8920000e+03   2.9000000e+01   1.2000000e+01   5.0000000e-01   5.0000000e-01   5.0000000e-01   5.0000000e-01   5.0000000e-01
   5.7000000e+01   1.0000000e+00   5.3940000e+03   5.4570000e+03   5.4570000e+03   4.9330000e+03   4.6100000e+02   6.3000000e+01   5.0000000e-01   5.0000000e-01   5.0000000e-01   5.0000000e-01   5.0000000e-01
   5.7000000e+01   1.0000000e+00   5.9390000e+03   5.9510000e+03   5.9510000e+03   5.4570000e+03   4.8200000e+02   1.2000000e+01   5.0000000e-01   5.0000000e-01   5.0000000e-01   5.0000000e-01   5.0000000e-01
   5.8000000e+01   1.0000000e+00   5.6000000e+02   5.9400000e+02   5.9400000e+02   0.0000000e+00   5.6000000e+02   3.4000000e+01   5.0000000e-01   5.0000000e-01   5.0000000e-01   5.0000000e-01   5.0000000e-01
   5.8000000e+01   1.0000000e+00   1.0520000e+03   1.0570000e+03   1.0570000e+03   5.9400000e+02   4.5800000e+02   5.0000000e+00   5.0000000e-01   5.0000000e-01   5.0000000e-01   5.0000000e-01   5.0000000e-01
   5.8000000e+01   1.0000000e+00   3.0620000e+03   3.1730000e+03   3.1730000e+03   1.0570000e+03   2.0050000e+03   1.1100000e+02   5.0000000e-01   5.0000000e-01   5.0000000e-01   5.0000000e-01   5.0000000e-01
   5.8000000e+01   1.0000000e+00   3.2640000e+03   3.4960000e+03   3.4960000e+03   3.1730000e+03   9.1000000e+01   2.3200000e+02   5.0000000e-01   5.0000000e-01   5.0000000e-01   5.0000000e-01   5.0000000e-01
   5.8000000e+01   1.0000000e+00   4.5640000e+03   4.6180000e+03   4.6180000e+03   3.4960000e+03   1.0680000e+03   5.4000000e+01   5.0000000e-01   5.0000000e-01   5.0000000e-01   5.0000000e-01   5.0000000e-01
   5.8000000e+01   1.0000000e+00   5.5090000e+03   5.5120000e+03   5.5120000e+03   4.6180000e+03   8.9100000e+02   3.0000000e+00   5.0000000e-01   5.0000000e-01   5.0000000e-01   5.0000000e-01   5.0000000e-01
   5.8000000e+01   1.0000000e+00   6.6660000e+03   6.6920000e+03   6.6920000e+03   5.5120000e+03   1.1540000e+03   2.6000000e+01   5.0000000e-01   5.0000000e-01   5.0000000e-01   5.0000000e-01   5.0000000e-01
   5.9000000e+01   1.0000000e+00   1.7900000e+02   2.4000000e+02   2.4000000e+02   0.0000000e+00   1.7900000e+02   6.1000000e+01   5.0000000e-01   5.0000000e-01   5.0000000e-01   5.0000000e-01   5.0000000e-01
   5.9000000e+01   1.0000000e+00   8.0400000e+02   8.9500000e+02   8.9500000e+02   2.4000000e+02   5.6400000e+02   9.1000000e+01   5.0000000e-01   5.0000000e-01   5.0000000e-01   5.0000000e-01   5.0000000e-01
   5.9000000e+01   1.0000000e+00   3.3210000e+03   3.3750000e+03   3.3750000e+03   8.9500000e+02   2.4260000e+03   5.4000000e+01   5.0000000e-01   5.0000000e-01   5.0000000e-01   5.0000000e-01   5.0000000e-01
   5.9000000e+01   1.0000000e+00   3.6740000e+03   3.7020000e+03   3.7020000e+03   3.3750000e+03   2.9900000e+02   2.8000000e+01   5.0000000e-01   5.0000000e-01   5.0000000e-01   5.0000000e-01   5.0000000e-01
   5.9000000e+01   1.0000000e+00   4.1660000e+03   4.1840000e+03   4.1840000e+03   3.7020000e+03   4.6400000e+02   1.8000000e+01   5.0000000e-01   5.0000000e-01   5.0000000e-01   5.0000000e-01   5.0000000e-01
   5.9000000e+01   1.0000000e+00   5.0190000e+03   5.0430000e+03   5.0430000e+03   4.1840000e+03   8.3500000e+02   2.4000000e+01   5.0000000e-01   5.0000000e-01   5.0000000e-01   5.0000000e-01   5.0000000e-01
   5.9000000e+01   1.0000000e+00   6.8560000e+03   6.8680000e+03   6.8680000e+03   5.0430000e+03   1.8130000e+03   1.2000000e+01   5.0000000e-01   5.0000000e-01   5.0000000e-01   5.0000000e-01   5.0000000e-01
   5.9000000e+01   1.0000000e+00   7.6200000e+03   7.6680000e+03   7.6680000e+03   6.8680000e+03   7.5200000e+02   4.8000000e+01   5.0000000e-01   5.0000000e-01   5.0000000e-01   5.0000000e-01   5.0000000e-01
   6.0000000e+01   1.0000000e+00   1.5500000e+02   2.6000000e+02   2.6000000e+02   0.0000000e+00   1.5500000e+02   1.0500000e+02   5.0000000e-01   5.0000000e-01   5.0000000e-01   5.0000000e-01   5.0000000e-01
   6.0000000e+01   1.0000000e+00   8.0000000e+02   9.2000000e+02   9.2000000e+02   2.6000000e+02   5.4000000e+02   1.2000000e+02   5.0000000e-01   5.0000000e-01   5.0000000e-01   5.0000000e-01   5.0000000e-01
   6.0000000e+01   1.0000000e+00   1.0700000e+03   1.1500000e+03   1.1500000e+03   9.2000000e+02   1.5000000e+02   8.0000000e+01   5.0000000e-01   5.0000000e-01   5.0000000e-01   5.0000000e-01   5.0000000e-01
   6.0000000e+01   1.0000000e+00   5.6480000e+03   6.1100000e+03   6.1100000e+03   1.1500000e+03   4.4980000e+03   4.6200000e+02   5.0000000e-01   5.0000000e-01   5.0000000e-01   5.0000000e-01   5.0000000e-01
   6.1000000e+01   1.0000000e+00   7.3000000e+02   7.5500000e+02   7.5500000e+02   0.0000000e+00   7.3000000e+02   2.5000000e+01   5.0000000e-01   5.0000000e-01   5.0000000e-01   5.0000000e-01   5.0000000e-01
   6.1000000e+01   1.0000000e+00   2.7630000e+03   2.7830000e+03   2.7830000e+03   7.5500000e+02   2.0080000e+03   2.0000000e+01   5.0000000e-01   5.0000000e-01   5.0000000e-01   5.0000000e-01   5.0000000e-01
   6.1000000e+01   1.0000000e+00   5.7150000e+03   5.7650000e+03   5.7650000e+03   2.7830000e+03   2.9320000e+03   5.0000000e+01   5.0000000e-01   5.0000000e-01   5.0000000e-01   5.0000000e-01   5.0000000e-01
   6.1000000e+01   1.0000000e+00   7.2750000e+03   7.3130000e+03   7.3130000e+03   5.7650000e+03   1.5100000e+03   3.8000000e+01   5.0000000e-01   5.0000000e-01   5.0000000e-01   5.0000000e-01   5.0000000e-01
   6.1000000e+01   1.0000000e+00   7.8730000e+03   7.8790000e+03   7.8790000e+03   7.3130000e+03   5.6000000e+02   6.0000000e+00   5.0000000e-01   5.0000000e-01   5.0000000e-01   5.0000000e-01   5.0000000e-01
   6.2000000e+01   1.0000000e+00   7.9500000e+02   8.4000000e+02   8.4000000e+02   0.0000000e+00   7.9500000e+02   4.5000000e+01   5.0000000e-01   5.0000000e-01   5.0000000e-01   5.0000000e-01   5.0000000e-01
   6.2000000e+01   1.0000000e+00   1.6390000e+03   1.6460000e+03   1.6460000e+03   8.4000000e+02   7.9900000e+02   7.0000000e+00   5.0000000e-01   5.0000000e-01   5.0000000e-01   5.0000000e-01   5.0000000e-01
   6.2000000e+01   1.0000000e+00   1.8690000e+03   1.9200000e+03   1.9200000e+03   1.6460000e+03   2.2300000e+02   5.1000000e+01   5.0000000e-01   5.0000000e-01   5.0000000e-01   5.0000000e-01   5.0000000e-01
   6.2000000e+01   1.0000000e+00   3.1540000e+03   3.1590000e+03   3.1590000e+03   1.9200000e+03   1.2340000e+03   5.0000000e+00   5.0000000e-01   5.0000000e-01   5.0000000e-01   5.0000000e-01   5.0000000e-01
   6.2000000e+01   1.0000000e+00   3.2120000e+03   3.2180000e+03   3.2180000e+03   3.1590000e+03   5.3000000e+01   6.0000000e+00   5.0000000e-01   5.0000000e-01   5.0000000e-01   5.0000000e-01   5.0000000e-01
   6.2000000e+01   1.0000000e+00   4.5460000e+03   4.5950000e+03   4.5950000e+03   3.2180000e+03   1.3280000e+03   4.9000000e+01   5.0000000e-01   5.0000000e-01   5.0000000e-01   5.0000000e-01   5.0000000e-01
   6.2000000e+01   1.0000000e+00   5.0150000e+03   5.0230000e+03   5.0230000e+03   4.5950000e+03   4.2000000e+02   8.0000000e+00   5.0000000e-01   5.0000000e-01   5.0000000e-01   5.0000000e-01   5.0000000e-01
   6.2000000e+01   1.0000000e+00   6.6420000e+03   6.7130000e+03   6.7130000e+03   5.0230000e+03   1.6190000e+03   7.1000000e+01   5.0000000e-01   5.0000000e-01   5.0000000e-01   5.0000000e-01   5.0000000e-01
   6.2000000e+01   1.0000000e+00   7.6140000e+03   7.6400000e+03   7.6400000e+03   6.7130000e+03   9.0100000e+02   2.6000000e+01   5.0000000e-01   5.0000000e-01   5.0000000e-01   5.0000000e-01   5.0000000e-01
   6.3000000e+01   1.0000000e+00   4.6000000e+01   6.4000000e+01   6.4000000e+01   0.0000000e+00   4.6000000e+01   1.8000000e+01   5.0000000e-01   5.0000000e-01   5.0000000e-01   5.0000000e-01   5.0000000e-01
   6.3000000e+01   1.0000000e+00   2.8570000e+03   2.9060000e+03   2.9060000e+03   6.4000000e+01   2.7930000e+03   4.9000000e+01   5.0000000e-01   5.0000000e-01   5.0000000e-01   5.0000000e-01   5.0000000e-01
   6.3000000e+01   1.0000000e+00   4.4140000e+03   4.4700000e+03   4.4700000e+03   2.9060000e+03   1.5080000e+03   5.6000000e+01   5.0000000e-01   5.0000000e-01   5.0000000e-01   5.0000000e-01   5.0000000e-01
   6.3000000e+01   1.0000000e+00   4.9330000e+03   4.9560000e+03   4.9560000e+03   4.4700000e+03   4.6300000e+02   2.3000000e+01   5.0000000e-01   5.0000000e-01   5.0000000e-01   5.0000000e-01   5.0000000e-01
   6.3000000e+01   1.0000000e+00   6.3910000e+03   6.3950000e+03   6.3950000e+03   4.9560000e+03   1.4350000e+03   4.0000000e+00   5.0000000e-01   5.0000000e-01   5.0000000e-01   5.0000000e-01   5.0000000e-01
   6.3000000e+01   1.0000000e+00   6.8500000e+03   6.8730000e+03   6.8730000e+03   6.3950000e+03   4.5500000e+02   2.3000000e+01   5.0000000e-01   5.0000000e-01   5.0000000e-01   5.0000000e-01   5.0000000e-01
   6.4000000e+01   1.0000000e+00   5.4900000e+02   6.3100000e+02   6.3100000e+02   0.0000000e+00   5.4900000e+02   8.2000000e+01   5.0000000e-01   5.0000000e-01   5.0000000e-01   5.0000000e-01   5.0000000e-01
   6.4000000e+01   1.0000000e+00   5.9340000e+03   5.9390000e+03   5.9390000e+03   6.3100000e+02   5.3030000e+03   5.0000000e+00   5.0000000e-01   5.0000000e-01   5.0000000e-01   5.0000000e-01   5.0000000e-01
   6.4000000e+01   1.0000000e+00   7.2950000e+03   7.3460000e+03   7.3460000e+03   5.9390000e+03   1.3560000e+03   5.1000000e+01   5.0000000e-01   5.0000000e-01   5.0000000e-01   5.0000000e-01   5.0000000e-01
   6.5000000e+01   1.0000000e+00   2.6400000e+02   3.5700000e+02   3.5700000e+02   0.0000000e+00   2.6400000e+02   9.3000000e+01   5.0000000e-01   5.0000000e-01   5.0000000e-01   5.0000000e-01   5.0000000e-01
   6.5000000e+01   1.0000000e+00   7.8700000e+02   8.2800000e+02   8.2800000e+02   3.5700000e+02   4.3000000e+02   4.1000000e+01   5.0000000e-01   5.0000000e-01   5.0000000e-01   5.0000000e-01   5.0000000e-01
   6.5000000e+01   1.0000000e+00   1.5500000e+03   1.6050000e+03   1.6050000e+03   8.2800000e+02   7.2200000e+02   5.5000000e+01   5.0000000e-01   5.0000000e-01   5.0000000e-01   5.0000000e-01   5.0000000e-01
   6.5000000e+01   1.0000000e+00   5.1750000e+03   5.1790000e+03   5.1790000e+03   1.6050000e+03   3.5700000e+03   4.0000000e+00   5.0000000e-01   5.0000000e-01   5.0000000e-01   5.0000000e-01   5.0000000e-01
   6.6000000e+01   1.0000000e+00   7.3000000e+01   1.7500000e+02   1.7500000e+02   0.0000000e+00   7.3000000e+01   1.0200000e+02   5.0000000e-01   5.0000000e-01   5.0000000e-01   5.0000000e-01   5.0000000e-01
   6.6000000e+01   1.0000000e+00   1.2370000e+03   1.3200000e+03   1.3200000e+03   1.7500000e+02   1.0620000e+03   8.3000000e+01   5.0000000e-01   5.0000000e-01   5.0000000e-01   5.0000000e-01   5.0000000e-01
   6.6000000e+01   1.0000000e+00   1.8550000e+03   1.9540000e+03   1.9540000e+03   1.3200000e+03   5.3500000e+02   9.9000000e+01   5.0000000e-01   5.0000000e-01   5.0000000e-01   5.0000000e-01   5.0000000e-01
   6.7000000e+01   1.0000000e+00   3.9800000e+02   4.1100000e+02   4.1100000e+02   0.0000000e+00   3.9800000e+02   1.3000000e+01   5.0000000e-01   5.0000000e-01   5.0000000e-01   5.0000000e-01   5.0000000e-01
   6.7000000e+01   1.0000000e+00   1.5500000e+03   1.6030000e+03   1.6030000e+03   4.1100000e+02   1.1390000e+03   5.3000000e+01   5.0000000e-01   5.0000000e-01   5.0000000e-01   5.0000000e-01   5.0000000e-01
   6.7000000e+01   1.0000000e+00   5.6380000e+03   5.6620000e+03   5.6620000e+03   1.6030000e+03   4.0350000e+03   2.4000000e+01   5.0000000e-01   5.0000000e-01   5.0000000e-01   5.0000000e-01   5.0000000e-01
   6.7000000e+01   1.0000000e+00   5.9470000e+03   5.9920000e+03   5.9920000e+03   5.6620000e+03   2.8500000e+02   4.5000000e+01   5.0000000e-01   5.0000000e-01   5.0000000e-01   5.0000000e-01   5.0000000e-01
   6.7000000e+01   1.0000000e+00   6.6530000e+03   6.6610000e+03   6.6610000e+03   5.9920000e+03   6.6100000e+02   8.0000000e+00   5.0000000e-01   5.0000000e-01   5.0000000e-01   5.0000000e-01   5.0000000e-01
   6.7000000e+01   1.0000000e+00   7.3300000e+03   7.3950000e+03   7.3950000e+03   6.6610000e+03   6.6900000e+02   6.5000000e+01   5.0000000e-01   5.0000000e-01   5.0000000e-01   5.0000000e-01   5.0000000e-01
   6.8000000e+01   1.0000000e+00   1.8500000e+02   2.6000000e+02   2.6000000e+02   0.0000000e+00   1.8500000e+02   7.5000000e+01   5.0000000e-01   5.0000000e-01   5.0000000e-01   5.0000000e-01   5.0000000e-01
   6.8000000e+01   1.0000000e+00   7.2700000e+02   7.3200000e+02   7.3200000e+02   2.6000000e+02   4.6700000e+02   5.0000000e+00   5.0000000e-01   5.0000000e-01   5.0000000e-01   5.0000000e-01   5.0000000e-01
   6.8000000e+01   1.0000000e+00   8.0600000e+02   9.1000000e+02   9.1000000e+02   7.3200000e+02   7.4000000e+01   1.0400000e+02   5.0000000e-01   5.0000000e-01   5.0000000e-01   5.0000000e-01   5.0000000e-01
   6.8000000e+01   1.0000000e+00   3.2630000e+03   3.4300000e+03   3.4300000e+03   9.1000000e+02   2.3530000e+03   1.6700000e+02   5.0000000e-01   5.0000000e-01   5.0000000e-01   5.0000000e-01   5.0000000e-01
   6.8000000e+01   1.0000000e+00   4.0870000e+03   4.1210000e+03   4.1210000e+03   3.4300000e+03   6.5700000e+02   3.4000000e+01   5.0000000e-01   5.0000000e-01   5.0000000e-01   5.0000000e-01   5.0000000e-01
   6.8000000e+01   1.0000000e+00   5.6730000e+03   5.6930000e+03   5.6930000e+03   4.1210000e+03   1.5520000e+03   2.0000000e+01   5.0000000e-01   5.0000000e-01   5.0000000e-01   5.0000000e-01   5.0000000e-01
   6.9000000e+01   1.0000000e+00   6.0600000e+02   6.3100000e+02   6.3100000e+02   0.0000000e+00   6.0600000e+02   2.5000000e+01   5.0000000e-01   5.0000000e-01   5.0000000e-01   5.0000000e-01   5.0000000e-01
   6.9000000e+01   1.0000000e+00   1.0890000e+03   1.1850000e+03   1.1850000e+03   6.3100000e+02   4.5800000e+02   9.6000000e+01   5.0000000e-01   5.0000000e-01   5.0000000e-01   5.0000000e-01   5.0000000e-01
   6.9000000e+01   1.0000000e+00   1.3040000e+03   1.7000000e+03   1.7000000e+03   1.1850000e+03   1.1900000e+02   3.9600000e+02   5.0000000e-01   5.0000000e-01   5.0000000e-01   5.0000000e-01   5.0000000e-01
   6.9000000e+01   1.0000000e+00   3.2390000e+03   3.2660000e+03   3.2660000e+03   1.7000000e+03   1.5390000e+03   2.7000000e+01   5.0000000e-01   5.0000000e-01   5.0000000e-01   5.0000000e-01   5.0000000e-01
   6.9000000e+01   1.0000000e+00   5.1090000e+03   5.1190000e+03   5.1190000e+03   3.2660000e+03   1.8430000e+03   1.0000000e+01   5.0000000e-01   5.0000000e-01   5.0000000e-01   5.0000000e-01   5.0000000e-01
   6.9000000e+01   1.0000000e+00   6.9120000e+03   6.9170000e+03   6.9170000e+03   5.1190000e+03   1.7930000e+03   5.0000000e+00   5.0000000e-01   5.0000000e-01   5.0000000e-01   5.0000000e-01   5.0000000e-01
   6.9000000e+01   1.0000000e+00   7.5660000e+03   7.5910000e+03   7.5910000e+03   6.9170000e+03   6.4900000e+02   2.5000000e+01   5.0000000e-01   5.0000000e-01   5.0000000e-01   5.0000000e-01   5.0000000e-01
   7.0000000e+01   1.0000000e+00   1.1400000e+02   1.6400000e+02   1.6400000e+02   0.0000000e+00   1.1400000e+02   5.0000000e+01   5.0000000e-01   5.0000000e-01   5.0000000e-01   5.0000000e-01   5.0000000e-01
   7.0000000e+01   1.0000000e+00   2.7000000e+02   2.9200000e+02   2.9200000e+02   1.6400000e+02   1.0600000e+02   2.2000000e+01   5.0000000e-01   5.0000000e-01   5.0000000e-01   5.0000000e-01   5.0000000e-01
   7.0000000e+01   1.0000000e+00   1.4400000e+03   1.4850000e+03   1.4850000e+03   2.9200000e+02   1.1480000e+03   4.5000000e+01   5.0000000e-01   5.0000000e-01   5.0000000e-01   5.0000000e-01   5.0000000e-01
   7.0000000e+01   1.0000000e+00   4.4060000e+03   4.4600000e+03   4.4600000e+03   1.4850000e+03   2.9210000e+03   5.4000000e+01   5.0000000e-01   5.0000000e-01   5.0000000e-01   5.0000000e-01   5.0000000e-01
   7.0000000e+01   1.0000000e+00   4.7310000e+03   4.7370000e+03   4.7370000e+03   4.4600000e+03   2.7100000e+02   6.0000000e+00   5.0000000e-01   5.0000000e-01   5.0000000e-01   5.0000000e-01   5.0000000e-01
   7.0000000e+01   1.0000000e+00   4.9880000e+03   5.0080000e+03   5.0080000e+03   4.7370000e+03   2.5100000e+02   2.0000000e+01   5.0000000e-01   5.0000000e-01   5.0000000e-01   5.0000000e-01   5.0000000e-01
   7.0000000e+01   1.0000000e+00   5.4640000e+03   5.4970000e+03   5.4970000e+03   5.0080000e+03   4.5600000e+02   3.3000000e+01   5.0000000e-01   5.0000000e-01   5.0000000e-01   5.0000000e-01   5.0000000e-01
   7.0000000e+01   1.0000000e+00   5.8760000e+03   5.9130000e+03   5.9130000e+03   5.4970000e+03   3.7900000e+02   3.7000000e+01   5.0000000e-01   5.0000000e-01   5.0000000e-01   5.0000000e-01   5.0000000e-01
